Filename: Z:\2020-12-20\2020-12-20_055 76Sr with beam merging _ RT100_T846 - clipped_MS100.tof
Analyze-time: Fri Feb 19 17:31:40 2021

Range: 61
Start Peak: 6199
Block size: 8
Block-Min: 0
Int-Max: 0
Peak mass: Rb85:-1e
Treshold: 0
Method: Gaussian Mean
a: 0.08554320834809824
t0: -0.174931057477
b: 0.575849041251
T: 800

Area1: 1 - 896

B Positions (center Block):
MS	B	Intensity	Peakposition (us)	Peakposition alt (u)	Peakposition corrected (u)	Fit Sigma (us)	Fit Amplitude
5	0.5758496942354524	103	14545.742040864274	84.91143331916346	84.91124116583202	0.009292747131769176	6.312557075868146
13	0.5758500591650958	97	14545.75123877006	84.9115407068789	84.91124116583202	0.008451485737601568	6.512071912834132
21	0.575849540969427	95	14545.738177855366	84.91138821764528	84.91124116583202	0.007273284430698708	7.326268610192088
29	0.5758501241284544	94	14545.752876145546	84.9115598236303	84.91124116583202	0.012727320127947274	4.270899398293901
37	0.5758501740292058	102	14545.754133874042	84.91157450791352	84.91124116583204	0.00749058250020465	7.997696527222876
45	0.5758501862926434	118	14545.75444296908	84.91157811667276	84.91124116583202	0.009484235099645852	7.248281329620402
53	0.5758500149981862	82	14545.75012556076	84.91152770989464	84.91124116583198	0.008190202986415164	5.879632627225962
61	0.5758496721992828	104	14545.741485451428	84.9114268345899	84.91124116583198	0.008661611723424652	7.17130129726017
69	0.5758497924657476	95	14545.744516719598	84.91146222535056	84.91124116583202	0.00713565375296895	7.465790474384008
77	0.5758497580538156	85	14545.743649380608	84.91145209896544	84.911241165832	0.007696840114576384	6.119452914223728
85	0.575848900605731	99	14545.72203774438	84.91119977826398	84.91124116583202	0.01468213771761519	4.286522489360202
93	0.5758486116208652	96	14545.714753996358	84.9111147389562	84.91124116583204	0.005582254976205792	9.297516618420236
101	0.5758489119038718	82	14545.7223225095	84.9112031029582	84.91124116583198	0.006536754395335286	6.899292476880104
109	0.575849037848005	101	14545.725496881038	84.91124016443532	84.91124116583202	0.009810255810425086	6.13188096817624
117	0.5758492894675506	81	14545.731838851106	84.9113142083374	84.91124116583202	0.006108624607802394	7.321968371470284
125	0.575848886458689	86	14545.721681173848	84.91119561522616	84.91124116583204	0.011169054307512668	4.743252462206164
133	0.5758492783175156	86	14545.731557818932	84.91131092722398	84.91124116583202	0.00722662342057005	6.537599717089442
141	0.57584919024439	96	14545.729337971002	84.91128501000564	84.91124116583198	0.00827223871735015	7.00463652633501
149	0.5758487683419582	106	14545.71870408886	84.91116085712126	84.91124116583202	0.005642144789298148	9.858671496828148
157	0.5758490321044206	111	14545.725352116292	84.91123847427528	84.91124116583198	0.006800528058823524	9.717556715217352
165	0.5758491733433456	100	14545.728911986934	84.91128003654736	84.911241165832	0.00577588490967298	9.706771181939716
173	0.575848702315432	90	14545.717039916658	84.91114142755748	84.91124116583202	0.008640672390778692	6.265753002215586
181	0.5758489754733598	109	14545.723924753036	84.91122180949844	84.91124116583198	0.008477897692516536	7.38305236727772
189	0.5758487357665134	111	14545.717883037792	84.91115127117544	84.911241165832	0.005545687851259448	11.179247735249174
197	0.5758486601273226	101	14545.715976582226	84.91112901290334	84.911241165832	0.010473030168136216	5.553628509101492
205	0.5758491342051184	93	14545.727925523568	84.91126851936976	84.91124116583204	0.007217333235080146	7.037154922385808
213	0.5758497743225052	95	14545.744059426422	84.91145688634596	84.91124116583202	0.00848014880555355	6.703097550936424
221	0.575849335735769	99	14545.733005023058	84.91132782365618	84.911241165832	0.00799945405842413	7.622696759685178
229	0.5758496679730012	71	14545.741378929688	84.91142559092396	84.91124116583202	0.008091960685869484	4.954800820203592
237	0.5758500314997852	94	14545.750541476968	84.91153256581552	84.91124116583202	0.008400883061936876	6.841948621454002
245	0.5758503455398002	108	14545.758456730012	84.91162497830816	84.911241165832	0.01454486275576274	4.5529208048206
253	0.5758503591123092	116	14545.758798819678	84.91162897228882	84.91124116583202	0.00674820233601561	9.5827132143571
261	0.5758501007470312	87	14545.752286826124	84.9115529431845	84.91124116583198	0.005378449368695186	8.959219714529684
269	0.5758507509391726	85	14545.768674659148	84.91174427517514	84.91124116583202	0.007872425051910008	6.386524361486374
277	0.5758501049477964	104	14545.752392704734	84.91155417934266	84.91124116583202	0.009965448844430376	6.144892336809706
285	0.575850605500986	98	14545.76500894779	84.9117014770726	84.91124116583202	0.007082385354100824	8.148965165086758
293	0.5758505686517946	95	14545.76408017865	84.91169063346088	84.91124116583202	0.008210358979493158	6.640255790809968
301	0.5758510791703206	112	14545.77694759403	84.91184086381128	84.91124116583202	0.006138634753284014	10.472457056190258
309	0.5758502916113114	107	14545.75709748401	84.91160910877892	84.91124116583202	0.00877665576542829	7.22439174401783
317	0.5758503994802514	104	14545.759816277526	84.91164085135908	84.91124116583202	0.010031574272536974	6.526180533554022
325	0.5758504101287222	92	14545.760084667974	84.91164398488364	84.91124116583202	0.006516323668514778	7.854217509732126
333	0.5758504858987576	94	14545.761994421432	84.91166628172688	84.91124116583198	0.008594301623090238	6.19659937880258
341	0.5758502848059868	98	14545.756925958526	84.91160710617708	84.911241165832	0.005688000088373772	8.47624733595729
349	0.5758505463379714	104	14545.763517767656	84.9116840671724	84.911241165832	0.008282483497241856	7.218225563012654
357	0.575850500158043	86	14545.762353821018	84.91167047780614	84.91124116583198	0.006087158716779528	7.833484401270734
365	0.5758511508578158	113	14545.77875444869	84.91186195931006	84.91124116583202	0.007121710606586766	8.59053037160243
373	0.5758508329232208	109	14545.770741034312	84.9117684006299	84.91124116583202	0.008389922832937506	7.432219997266324
381	0.5758509509031088	94	14545.773714670226	84.91180311859034	84.91124116583204	0.009379752967817746	5.997839101223734
389	0.5758508995907484	103	14545.772421362692	84.91178801889296	84.91124116583198	0.012235767218048938	5.27250566769756
397	0.5758509307506342	104	14545.773206735158	84.9117971883179	84.91124116583198	0.007263467783842808	7.874244088490086
405	0.5758509926666494	96	14545.774767303574	84.9118154083558	84.911241165832	0.00923064345510823	6.258568291850482
413	0.5758508336973616	105	14545.770760546216	84.91176862843636	84.911241165832	0.00789586219353938	7.202254236301412
421	0.5758511342499666	101	14545.778335854488	84.91185707211352	84.91124116583202	0.006570455681514376	9.243803273774332
429	0.5758509148730922	104	14545.77280654806	84.91179251603086	84.91124116583202	0.010919289871215484	5.54464614712149
437	0.5758501709965518	97	14545.75405743721	84.91157361549506	84.91124116583204	0.008971109289054468	6.42698130687991
445	0.5758502895585772	99	14545.757045745666	84.91160850472114	84.91124116583198	0.012254364037567934	5.149124330850722
453	0.5758509570183262	109	14545.773868801836	84.91180491811652	84.911241165832	0.006713345360515718	9.10779078189891
461	0.5758506734364406	110	14545.766721233766	84.9117214684409	84.911241165832	0.007931251639156842	8.443856484111002
469	0.5758504130876452	80	14545.760159246444	84.9116448556056	84.911241165832	0.006816039472581356	6.57744598947635
477	0.575850296878188	91	14545.75723023353	84.91161065866194	84.91124116583198	0.003350536367768002	11.363084468803188
485	0.575850494423132	90	14545.76220927488	84.91166879019414	84.91124116583202	0.00933863733033243	5.59331478157913
493	0.5758505187895492	98	14545.762823420682	84.91167596049878	84.911241165832	0.010746832788652114	5.03276664989493
501	0.5758509142462736	105	14545.772790749346	84.91179233157682	84.91124116583198	0.00713918280205748	8.696731429531268
509	0.5758506543255044	96	14545.766239550258	84.91171584466488	84.91124116583202	0.014071227124723902	4.183370357840718
517	0.5758504202075804	100	14545.760338701564	84.91164695078834	84.911241165832	0.00764519066567794	7.885606606037274
525	0.575850058585888	103	14545.751224171362	84.91154053643562	84.91124116583202	0.00859039343171912	6.620727775264042
533	0.5758503148519768	96	14545.757683255694	84.91161594780628	84.911241165832	0.006719357403158148	8.608803734650444
541	0.5758503932867444	89	14545.759660172658	84.91163902879634	84.91124116583202	0.006348989765241706	7.725205804482638
549	0.575850651271918	97	14545.766162585834	84.91171494608592	84.91124116583206	0.009132253368470362	6.061256767136314
557	0.5758504768578472	100	14545.7617665489	84.91166362125866	84.91124116583204	0.008718033629931448	7.310288967054332
565	0.5758502247446882	103	14545.7554121375	84.91158943194864	84.911241165832	0.006227189872811102	9.644997568861196
573	0.5758506886108956	86	14545.76710369984	84.91172593382858	84.911241165832	0.009826732444198378	4.966680280274548
581	0.5758505458213506	96	14545.763504746434	84.91168391514638	84.91124116583202	0.014488680017132044	4.160856321030766
589	0.5758500380493166	93	14545.75070655529	84.9115344931443	84.911241165832	0.00904988913523809	6.108984269683912
597	0.5758504426161246	98	14545.760903499968	84.911653544949	84.911241165832	0.00764555669676127	7.040012513568538
605	0.5758506510672774	88	14545.76615742795	84.91171488586632	84.91124116583202	0.012144068732447868	4.685728420012828
613	0.575850457948851	99	14545.76128995521	84.91165805690942	84.91124116583202	0.010830310733998564	5.79156991980572
621	0.5758507792605582	100	14545.76938848835	84.91175260931196	84.91124116583202	0.014777527356938284	4.296698296634397
629	0.5758501054218206	85	14545.75240465232	84.9115543188336	84.91124116583202	-0.008608003085886072	6.048489923757456
637	0.5758507276774228	90	14545.768088356044	84.91173742993814	84.91124116583204	0.01297510631536602	4.408591166432254
645	0.5758506121499948	87	14545.765176533398	84.91170343367652	84.91124116583202	0.013904073300557234	3.888435180154922
653	0.575850310494992	96	14545.757573439636	84.911614665677	84.91124116583204	0.008112712308991964	7.180147631916282
661	0.5758500602830454	100	14545.751266947532	84.91154103585762	84.91124116583198	0.00618727726881259	8.840927614285478
669	0.5758505316533652	99	14545.763147648024	84.91167974593358	84.911241165832	0.009634849957540414	6.243682707572646
677	0.57585023752335	94	14545.755734218564	84.91159319232322	84.911241165832	0.009092906595075954	6.130800071867086
685	0.5758496462506332	86	14545.740831426086	84.91141919869294	84.911241165832	0.006056092795610002	7.506784738666066
693	0.5758503561133476	96	14545.75872323205	84.91162808978472	84.911241165832	0.006549275589347242	7.234498316212158
701	0.5758501473820132	120	14545.753462242202	84.91156666644982	84.91124116583204	0.013958678277286474	5.59268243961758
709	0.5758504527671394	114	14545.761159352238	84.91165653208746	84.91124116583202	0.00733580457868533	8.053977268162158
717	0.5758506760760166	127	14545.766787763224	84.91172224518908	84.911241165832	0.010061797003341204	7.640615987497028
725	0.5758507574849334	94	14545.76883964243	84.91174620139672	84.91124116583202	0.00665918753586334	7.84348955461474
733	0.5758505408294262	114	14545.763378926974	84.91168244617288	84.91124116583202	0.01283133682066343	5.465628732416004
741	0.5758504549281432	108	14545.761213819472	84.91165716800588	84.911241165832	0.011969105630034906	5.276036016371666
749	0.575850179860751	84	14545.75428085581	84.91157622396114	84.91124116583204	0.00777648655165898	6.14291006195664
757	0.575850135397716	101	14545.753160182784	84.91156313983336	84.911241165832	0.00742307560601588	8.241356077871154
765	0.5758496694031326	82	14545.74141497558	84.9114260117681	84.911241165832	0.008110928526195524	5.71008520116654
773	0.5758501947420788	84	14545.75465593372	84.9115806030864	84.91124116583198	0.007977396367519894	5.96522039190958
781	0.5758501037268454	101	14545.752361931146	84.91155382005364	84.91124116583202	0.009309372199381082	6.581153096520436
789	0.5758499786769444	95	14545.749210098382	84.91151702165364	84.91124116583202	0.009998010085869664	5.829512166069434
797	0.5758502433676884	96	14545.755881522776	84.91159491213566	84.911241165832	0.006526541341553086	8.14350932720479
805	0.5758499907127308	109	14545.749513455566	84.91152056342082	84.91124116583202	0.009462246032992334	7.05941886865618
813	0.5758500714567538	105	14545.751548576386	84.91154432394188	84.911241165832	0.010045249017380662	6.234549277383514
821	0.5758500173934394	95	14545.75018593216	84.91152841474512	84.91124116583202	0.00688293561818021	8.250254517059318
829	0.575849854259444	89	14545.746074205014	84.91148040935778	84.91124116583202	0.010724433644489522	4.63862214128503
837	0.5758504629596462	119	14545.761416250298	84.9116595314358	84.91124116583202	0.010282775953011496	7.105952914336978
845	0.5758508657264754	98	14545.77156782723	84.91177805364816	84.91124116583202	0.008460267135813782	7.134609376072968
853	0.575850334193606	89	14545.758170753724	84.911621639465	84.91124116583206	0.0088307418232705	6.187266316595142
861	0.5758502104271194	97	14545.755051268902	84.91158521872032	84.91124116583202	0.007447365596580398	7.608277106395802
869	0.5758499535381986	98	14545.74857648634	84.91150962408274	84.91124116583202	0.007458721565723616	7.444466207912896
877	0.575850259955922	102	14545.756299622572	84.91159979355236	84.91124116583198	0.008287836177758624	7.409412057355242
885	0.575849681794356	90	14545.74172729141	84.91142965812766	84.91124116583202	0.008457871745044226	6.10755452260111
893	0.5758499562142038	109	14545.74864393398	84.91151041154992	84.91124116583202	0.006171751290195582	9.916557718456942

Error Parameters
startMS: 1
stopMS: 1
fitSlope: 9.879543024600078e-10
fitSlope [#/s]: 8.84322732271895e-10
fitShift: 0.575849699312001
tEffBlock: 7.993296089385476
tEffStart: 0
tEffStop: 895
tFitStdev: 8.6907165497707e-07
blockSum: 10976
blockCnt: 112

List of B
MS	B	Peak(us)	Intensity	Mode
1	0.5758496942354524	14545.742040864274	103	START	ch1
2	0.5758496942354524	14545.742040864274	103	START	ch1
3	0.5758496942354524	14545.742040864274	103	START	ch1
4	0.5758496942354524	14545.742040864274	103	START	ch1
5	0.5758496942354526	14545.75123877006	97	1-0	ch1
6	0.575849739851658	14545.75123877006	97	1-0	ch1
7	0.5758497854678634	14545.75123877006	97	1-0	ch1
8	0.5758498310840688	14545.75123877006	97	1-0	ch1
9	0.5758498767002742	14545.75123877006	97	1-0	ch1
10	0.5758499223164796	14545.75123877006	97	1-0	ch1
11	0.575849967932685	14545.75123877006	97	1-0	ch1
12	0.5758500135488904	14545.75123877006	97	1-0	ch1
13	0.5758500591650958	14545.738177855366	95	2-8	ch1
14	0.5758499943906372	14545.738177855366	95	2-8	ch1
15	0.5758499296161786	14545.738177855366	95	2-8	ch1
16	0.5758498648417198	14545.738177855366	95	2-8	ch1
17	0.5758498000672614	14545.738177855366	95	2-8	ch1
18	0.5758497352928028	14545.738177855366	95	2-8	ch1
19	0.575849670518344	14545.738177855366	95	2-8	ch1
20	0.5758496057438854	14545.738177855366	95	2-8	ch1
21	0.575849540969427	14545.752876145546	94	3-16	ch1
22	0.5758496138643054	14545.752876145546	94	3-16	ch1
23	0.5758496867591838	14545.752876145546	94	3-16	ch1
24	0.5758497596540622	14545.752876145546	94	3-16	ch1
25	0.5758498325489406	14545.752876145546	94	3-16	ch1
26	0.5758499054438192	14545.752876145546	94	3-16	ch1
27	0.5758499783386974	14545.752876145546	94	3-16	ch1
28	0.575850051233576	14545.752876145546	94	3-16	ch1
29	0.5758501241284544	14545.754133874042	102	4-24	ch1
30	0.5758501303660482	14545.754133874042	102	4-24	ch1
31	0.5758501366036422	14545.754133874042	102	4-24	ch1
32	0.5758501428412362	14545.754133874042	102	4-24	ch1
33	0.57585014907883	14545.754133874042	102	4-24	ch1
34	0.575850155316424	14545.754133874042	102	4-24	ch1
35	0.575850161554018	14545.754133874042	102	4-24	ch1
36	0.575850167791612	14545.754133874042	102	4-24	ch1
37	0.5758501740292058	14545.75444296908	118	5-32	ch1
38	0.5758501755621356	14545.75444296908	118	5-32	ch1
39	0.5758501770950652	14545.75444296908	118	5-32	ch1
40	0.5758501786279948	14545.75444296908	118	5-32	ch1
41	0.5758501801609246	14545.75444296908	118	5-32	ch1
42	0.5758501816938542	14545.75444296908	118	5-32	ch1
43	0.5758501832267838	14545.75444296908	118	5-32	ch1
44	0.5758501847597136	14545.75444296908	118	5-32	ch1
45	0.5758501862926434	14545.75012556076	82	6-40	ch1
46	0.5758501648808362	14545.75012556076	82	6-40	ch1
47	0.5758501434690292	14545.75012556076	82	6-40	ch1
48	0.575850122057222	14545.75012556076	82	6-40	ch1
49	0.5758501006454148	14545.75012556076	82	6-40	ch1
50	0.5758500792336076	14545.75012556076	82	6-40	ch1
51	0.5758500578218004	14545.75012556076	82	6-40	ch1
52	0.5758500364099934	14545.75012556076	82	6-40	ch1
53	0.5758500149981862	14545.741485451428	104	7-48	ch1
54	0.5758499721483234	14545.741485451428	104	7-48	ch1
55	0.5758499292984606	14545.741485451428	104	7-48	ch1
56	0.5758498864485976	14545.741485451428	104	7-48	ch1
57	0.5758498435987346	14545.741485451428	104	7-48	ch1
58	0.5758498007488718	14545.741485451428	104	7-48	ch1
59	0.5758497578990088	14545.741485451428	104	7-48	ch1
60	0.5758497150491458	14545.741485451428	104	7-48	ch1
61	0.5758496721992828	14545.744516719598	95	8-56	ch1
62	0.575849687232591	14545.744516719598	95	8-56	ch1
63	0.575849702265899	14545.744516719598	95	8-56	ch1
64	0.5758497172992072	14545.744516719598	95	8-56	ch1
65	0.5758497323325152	14545.744516719598	95	8-56	ch1
66	0.5758497473658232	14545.744516719598	95	8-56	ch1
67	0.5758497623991314	14545.744516719598	95	8-56	ch1
68	0.5758497774324394	14545.744516719598	95	8-56	ch1
69	0.5758497924657476	14545.743649380608	85	9-64	ch1
70	0.575849788164256	14545.743649380608	85	9-64	ch1
71	0.5758497838627646	14545.743649380608	85	9-64	ch1
72	0.575849779561273	14545.743649380608	85	9-64	ch1
73	0.5758497752597816	14545.743649380608	85	9-64	ch1
74	0.57584977095829	14545.743649380608	85	9-64	ch1
75	0.5758497666567986	14545.743649380608	85	9-64	ch1
76	0.575849762355307	14545.743649380608	85	9-64	ch1
77	0.5758497580538156	14545.72203774438	99	10-72	ch1
78	0.575849650872805	14545.72203774438	99	10-72	ch1
79	0.5758495436917944	14545.72203774438	99	10-72	ch1
80	0.575849436510784	14545.72203774438	99	10-72	ch1
81	0.5758493293297734	14545.72203774438	99	10-72	ch1
82	0.5758492221487628	14545.72203774438	99	10-72	ch1
83	0.5758491149677522	14545.72203774438	99	10-72	ch1
84	0.5758490077867416	14545.72203774438	99	10-72	ch1
85	0.5758489006057308	14545.714753996358	96	11-80	ch1
86	0.5758488644826226	14545.714753996358	96	11-80	ch1
87	0.5758488283595146	14545.714753996358	96	11-80	ch1
88	0.5758487922364062	14545.714753996358	96	11-80	ch1
89	0.575848756113298	14545.714753996358	96	11-80	ch1
90	0.5758487199901898	14545.714753996358	96	11-80	ch1
91	0.5758486838670816	14545.714753996358	96	11-80	ch1
92	0.5758486477439734	14545.714753996358	96	11-80	ch1
93	0.5758486116208652	14545.7223225095	82	12-88	ch1
94	0.575848649156241	14545.7223225095	82	12-88	ch1
95	0.5758486866916168	14545.7223225095	82	12-88	ch1
96	0.5758487242269926	14545.7223225095	82	12-88	ch1
97	0.5758487617623684	14545.7223225095	82	12-88	ch1
98	0.5758487992977442	14545.7223225095	82	12-88	ch1
99	0.57584883683312	14545.7223225095	82	12-88	ch1
100	0.575848874368496	14545.7223225095	82	12-88	ch1
101	0.5758489119038718	14545.725496881038	101	13-96	ch1
102	0.5758489276468882	14545.725496881038	101	13-96	ch1
103	0.575848943389905	14545.725496881038	101	13-96	ch1
104	0.5758489591329216	14545.725496881038	101	13-96	ch1
105	0.5758489748759382	14545.725496881038	101	13-96	ch1
106	0.575848990618955	14545.725496881038	101	13-96	ch1
107	0.5758490063619716	14545.725496881038	101	13-96	ch1
108	0.5758490221049882	14545.725496881038	101	13-96	ch1
109	0.575849037848005	14545.731838851106	81	14-104	ch1
110	0.5758490693004482	14545.731838851106	81	14-104	ch1
111	0.5758491007528914	14545.731838851106	81	14-104	ch1
112	0.5758491322053346	14545.731838851106	81	14-104	ch1
113	0.5758491636577778	14545.731838851106	81	14-104	ch1
114	0.575849195110221	14545.731838851106	81	14-104	ch1
115	0.5758492265626642	14545.731838851106	81	14-104	ch1
116	0.5758492580151074	14545.731838851106	81	14-104	ch1
117	0.5758492894675508	14545.721681173848	86	15-112	ch1
118	0.575849239091443	14545.721681173848	86	15-112	ch1
119	0.5758491887153352	14545.721681173848	86	15-112	ch1
120	0.5758491383392276	14545.721681173848	86	15-112	ch1
121	0.5758490879631198	14545.721681173848	86	15-112	ch1
122	0.5758490375870122	14545.721681173848	86	15-112	ch1
123	0.5758489872109046	14545.721681173848	86	15-112	ch1
124	0.5758489368347968	14545.721681173848	86	15-112	ch1
125	0.575848886458689	14545.731557818932	86	16-120	ch1
126	0.5758489354410424	14545.731557818932	86	16-120	ch1
127	0.5758489844233958	14545.731557818932	86	16-120	ch1
128	0.5758490334057492	14545.731557818932	86	16-120	ch1
129	0.5758490823881024	14545.731557818932	86	16-120	ch1
130	0.5758491313704558	14545.731557818932	86	16-120	ch1
131	0.5758491803528092	14545.731557818932	86	16-120	ch1
132	0.5758492293351624	14545.731557818932	86	16-120	ch1
133	0.5758492783175158	14545.729337971002	96	17-128	ch1
134	0.575849267308375	14545.729337971002	96	17-128	ch1
135	0.5758492562992342	14545.729337971002	96	17-128	ch1
136	0.5758492452900936	14545.729337971002	96	17-128	ch1
137	0.5758492342809528	14545.729337971002	96	17-128	ch1
138	0.5758492232718122	14545.729337971002	96	17-128	ch1
139	0.5758492122626714	14545.729337971002	96	17-128	ch1
140	0.5758492012535308	14545.729337971002	96	17-128	ch1
141	0.57584919024439	14545.71870408886	106	18-136	ch1
142	0.575849137506586	14545.71870408886	106	18-136	ch1
143	0.575849084768782	14545.71870408886	106	18-136	ch1
144	0.575849032030978	14545.71870408886	106	18-136	ch1
145	0.575848979293174	14545.71870408886	106	18-136	ch1
146	0.5758489265553702	14545.71870408886	106	18-136	ch1
147	0.5758488738175662	14545.71870408886	106	18-136	ch1
148	0.5758488210797622	14545.71870408886	106	18-136	ch1
149	0.5758487683419582	14545.725352116292	111	19-144	ch1
150	0.575848801312266	14545.725352116292	111	19-144	ch1
151	0.5758488342825738	14545.725352116292	111	19-144	ch1
152	0.5758488672528816	14545.725352116292	111	19-144	ch1
153	0.5758489002231894	14545.725352116292	111	19-144	ch1
154	0.5758489331934972	14545.725352116292	111	19-144	ch1
155	0.575848966163805	14545.725352116292	111	19-144	ch1
156	0.5758489991341128	14545.725352116292	111	19-144	ch1
157	0.5758490321044206	14545.728911986934	100	20-152	ch1
158	0.5758490497592862	14545.728911986934	100	20-152	ch1
159	0.5758490674141518	14545.728911986934	100	20-152	ch1
160	0.5758490850690174	14545.728911986934	100	20-152	ch1
161	0.575849102723883	14545.728911986934	100	20-152	ch1
162	0.5758491203787486	14545.728911986934	100	20-152	ch1
163	0.5758491380336144	14545.728911986934	100	20-152	ch1
164	0.5758491556884798	14545.728911986934	100	20-152	ch1
165	0.5758491733433456	14545.717039916658	90	21-160	ch1
166	0.5758491144648564	14545.717039916658	90	21-160	ch1
167	0.5758490555863672	14545.717039916658	90	21-160	ch1
168	0.575848996707878	14545.717039916658	90	21-160	ch1
169	0.5758489378293888	14545.717039916658	90	21-160	ch1
170	0.5758488789508996	14545.717039916658	90	21-160	ch1
171	0.5758488200724104	14545.717039916658	90	21-160	ch1
172	0.5758487611939212	14545.717039916658	90	21-160	ch1
173	0.575848702315432	14545.723924753036	109	22-168	ch1
174	0.575848736460173	14545.723924753036	109	22-168	ch1
175	0.575848770604914	14545.723924753036	109	22-168	ch1
176	0.575848804749655	14545.723924753036	109	22-168	ch1
177	0.575848838894396	14545.723924753036	109	22-168	ch1
178	0.5758488730391368	14545.723924753036	109	22-168	ch1
179	0.5758489071838778	14545.723924753036	109	22-168	ch1
180	0.5758489413286188	14545.723924753036	109	22-168	ch1
181	0.5758489754733598	14545.717883037792	111	23-176	ch1
182	0.575848945510004	14545.717883037792	111	23-176	ch1
183	0.5758489155466482	14545.717883037792	111	23-176	ch1
184	0.5758488855832924	14545.717883037792	111	23-176	ch1
185	0.5758488556199366	14545.717883037792	111	23-176	ch1
186	0.5758488256565808	14545.717883037792	111	23-176	ch1
187	0.575848795693225	14545.717883037792	111	23-176	ch1
188	0.5758487657298692	14545.717883037792	111	23-176	ch1
189	0.5758487357665134	14545.715976582226	101	24-184	ch1
190	0.5758487263116144	14545.715976582226	101	24-184	ch1
191	0.5758487168567158	14545.715976582226	101	24-184	ch1
192	0.5758487074018168	14545.715976582226	101	24-184	ch1
193	0.575848697946918	14545.715976582226	101	24-184	ch1
194	0.5758486884920192	14545.715976582226	101	24-184	ch1
195	0.5758486790371202	14545.715976582226	101	24-184	ch1
196	0.5758486695822216	14545.715976582226	101	24-184	ch1
197	0.5758486601273226	14545.727925523568	93	25-192	ch1
198	0.5758487193870472	14545.727925523568	93	25-192	ch1
199	0.5758487786467716	14545.727925523568	93	25-192	ch1
200	0.575848837906496	14545.727925523568	93	25-192	ch1
201	0.5758488971662206	14545.727925523568	93	25-192	ch1
202	0.575848956425945	14545.727925523568	93	25-192	ch1
203	0.5758490156856694	14545.727925523568	93	25-192	ch1
204	0.5758490749453938	14545.727925523568	93	25-192	ch1
205	0.5758491342051184	14545.744059426422	95	26-200	ch1
206	0.5758492142197918	14545.744059426422	95	26-200	ch1
207	0.5758492942344652	14545.744059426422	95	26-200	ch1
208	0.5758493742491384	14545.744059426422	95	26-200	ch1
209	0.5758494542638118	14545.744059426422	95	26-200	ch1
210	0.5758495342784852	14545.744059426422	95	26-200	ch1
211	0.5758496142931584	14545.744059426422	95	26-200	ch1
212	0.5758496943078318	14545.744059426422	95	26-200	ch1
213	0.5758497743225052	14545.733005023058	99	27-208	ch1
214	0.5758497194991632	14545.733005023058	99	27-208	ch1
215	0.5758496646758212	14545.733005023058	99	27-208	ch1
216	0.575849609852479	14545.733005023058	99	27-208	ch1
217	0.575849555029137	14545.733005023058	99	27-208	ch1
218	0.5758495002057952	14545.733005023058	99	27-208	ch1
219	0.575849445382453	14545.733005023058	99	27-208	ch1
220	0.575849390559111	14545.733005023058	99	27-208	ch1
221	0.575849335735769	14545.741378929688	71	28-216	ch1
222	0.575849377265423	14545.741378929688	71	28-216	ch1
223	0.575849418795077	14545.741378929688	71	28-216	ch1
224	0.575849460324731	14545.741378929688	71	28-216	ch1
225	0.575849501854385	14545.741378929688	71	28-216	ch1
226	0.575849543384039	14545.741378929688	71	28-216	ch1
227	0.575849584913693	14545.741378929688	71	28-216	ch1
228	0.575849626443347	14545.741378929688	71	28-216	ch1
229	0.5758496679730012	14545.750541476968	94	29-224	ch1
230	0.5758497134138492	14545.750541476968	94	29-224	ch1
231	0.5758497588546972	14545.750541476968	94	29-224	ch1
232	0.5758498042955452	14545.750541476968	94	29-224	ch1
233	0.5758498497363932	14545.750541476968	94	29-224	ch1
234	0.5758498951772412	14545.750541476968	94	29-224	ch1
235	0.5758499406180894	14545.750541476968	94	29-224	ch1
236	0.5758499860589372	14545.750541476968	94	29-224	ch1
237	0.5758500314997852	14545.758456730012	108	30-232	ch1
238	0.5758500707547872	14545.758456730012	108	30-232	ch1
239	0.575850110009789	14545.758456730012	108	30-232	ch1
240	0.5758501492647908	14545.758456730012	108	30-232	ch1
241	0.5758501885197926	14545.758456730012	108	30-232	ch1
242	0.5758502277747946	14545.758456730012	108	30-232	ch1
243	0.5758502670297964	14545.758456730012	108	30-232	ch1
244	0.5758503062847982	14545.758456730012	108	30-232	ch1
245	0.5758503455398002	14545.758798819678	116	31-240	ch1
246	0.5758503472363638	14545.758798819678	116	31-240	ch1
247	0.5758503489329274	14545.758798819678	116	31-240	ch1
248	0.575850350629491	14545.758798819678	116	31-240	ch1
249	0.5758503523260546	14545.758798819678	116	31-240	ch1
250	0.5758503540226184	14545.758798819678	116	31-240	ch1
251	0.575850355719182	14545.758798819678	116	31-240	ch1
252	0.5758503574157456	14545.758798819678	116	31-240	ch1
253	0.5758503591123092	14545.752286826124	87	32-248	ch1
254	0.5758503268166494	14545.752286826124	87	32-248	ch1
255	0.5758502945209896	14545.752286826124	87	32-248	ch1
256	0.57585026222533	14545.752286826124	87	32-248	ch1
257	0.5758502299296702	14545.752286826124	87	32-248	ch1
258	0.5758501976340106	14545.752286826124	87	32-248	ch1
259	0.5758501653383508	14545.752286826124	87	32-248	ch1
260	0.575850133042691	14545.752286826124	87	32-248	ch1
261	0.5758501007470314	14545.768674659148	85	33-256	ch1
262	0.575850182021049	14545.768674659148	85	33-256	ch1
263	0.5758502632950666	14545.768674659148	85	33-256	ch1
264	0.5758503445690844	14545.768674659148	85	33-256	ch1
265	0.575850425843102	14545.768674659148	85	33-256	ch1
266	0.5758505071171196	14545.768674659148	85	33-256	ch1
267	0.5758505883911374	14545.768674659148	85	33-256	ch1
268	0.575850669665155	14545.768674659148	85	33-256	ch1
269	0.5758507509391726	14545.752392704734	104	34-264	ch1
270	0.5758506701902506	14545.752392704734	104	34-264	ch1
271	0.5758505894413286	14545.752392704734	104	34-264	ch1
272	0.5758505086924066	14545.752392704734	104	34-264	ch1
273	0.5758504279434846	14545.752392704734	104	34-264	ch1
274	0.5758503471945626	14545.752392704734	104	34-264	ch1
275	0.5758502664456404	14545.752392704734	104	34-264	ch1
276	0.5758501856967184	14545.752392704734	104	34-264	ch1
277	0.5758501049477964	14545.76500894779	98	35-272	ch1
278	0.5758501675169452	14545.76500894779	98	35-272	ch1
279	0.5758502300860938	14545.76500894779	98	35-272	ch1
280	0.5758502926552426	14545.76500894779	98	35-272	ch1
281	0.5758503552243912	14545.76500894779	98	35-272	ch1
282	0.57585041779354	14545.76500894779	98	35-272	ch1
283	0.5758504803626886	14545.76500894779	98	35-272	ch1
284	0.5758505429318372	14545.76500894779	98	35-272	ch1
285	0.575850605500986	14545.76408017865	95	36-280	ch1
286	0.5758506008948372	14545.76408017865	95	36-280	ch1
287	0.5758505962886882	14545.76408017865	95	36-280	ch1
288	0.5758505916825392	14545.76408017865	95	36-280	ch1
289	0.5758505870763904	14545.76408017865	95	36-280	ch1
290	0.5758505824702414	14545.76408017865	95	36-280	ch1
291	0.5758505778640924	14545.76408017865	95	36-280	ch1
292	0.5758505732579434	14545.76408017865	95	36-280	ch1
293	0.5758505686517946	14545.77694759403	112	37-288	ch1
294	0.5758506324666104	14545.77694759403	112	37-288	ch1
295	0.575850696281426	14545.77694759403	112	37-288	ch1
296	0.5758507600962418	14545.77694759403	112	37-288	ch1
297	0.5758508239110576	14545.77694759403	112	37-288	ch1
298	0.5758508877258734	14545.77694759403	112	37-288	ch1
299	0.5758509515406892	14545.77694759403	112	37-288	ch1
300	0.575851015355505	14545.77694759403	112	37-288	ch1
301	0.5758510791703206	14545.75709748401	107	38-296	ch1
302	0.5758509807254446	14545.75709748401	107	38-296	ch1
303	0.5758508822805684	14545.75709748401	107	38-296	ch1
304	0.5758507838356922	14545.75709748401	107	38-296	ch1
305	0.575850685390816	14545.75709748401	107	38-296	ch1
306	0.5758505869459398	14545.75709748401	107	38-296	ch1
307	0.5758504885010636	14545.75709748401	107	38-296	ch1
308	0.5758503900561874	14545.75709748401	107	38-296	ch1
309	0.5758502916113114	14545.759816277526	104	39-304	ch1
310	0.5758503050949288	14545.759816277526	104	39-304	ch1
311	0.5758503185785464	14545.759816277526	104	39-304	ch1
312	0.5758503320621638	14545.759816277526	104	39-304	ch1
313	0.5758503455457814	14545.759816277526	104	39-304	ch1
314	0.575850359029399	14545.759816277526	104	39-304	ch1
315	0.5758503725130164	14545.759816277526	104	39-304	ch1
316	0.575850385996634	14545.759816277526	104	39-304	ch1
317	0.5758503994802516	14545.760084667974	92	40-312	ch1
318	0.5758504008113104	14545.760084667974	92	40-312	ch1
319	0.5758504021423692	14545.760084667974	92	40-312	ch1
320	0.575850403473428	14545.760084667974	92	40-312	ch1
321	0.5758504048044868	14545.760084667974	92	40-312	ch1
322	0.5758504061355456	14545.760084667974	92	40-312	ch1
323	0.5758504074666044	14545.760084667974	92	40-312	ch1
324	0.5758504087976632	14545.760084667974	92	40-312	ch1
325	0.5758504101287222	14545.761994421432	94	41-320	ch1
326	0.5758504195999766	14545.761994421432	94	41-320	ch1
327	0.575850429071231	14545.761994421432	94	41-320	ch1
328	0.5758504385424854	14545.761994421432	94	41-320	ch1
329	0.57585044801374	14545.761994421432	94	41-320	ch1
330	0.5758504574849944	14545.761994421432	94	41-320	ch1
331	0.5758504669562488	14545.761994421432	94	41-320	ch1
332	0.5758504764275032	14545.761994421432	94	41-320	ch1
333	0.5758504858987576	14545.756925958526	98	42-328	ch1
334	0.5758504607621614	14545.756925958526	98	42-328	ch1
335	0.575850435625565	14545.756925958526	98	42-328	ch1
336	0.5758504104889686	14545.756925958526	98	42-328	ch1
337	0.5758503853523722	14545.756925958526	98	42-328	ch1
338	0.5758503602157758	14545.756925958526	98	42-328	ch1
339	0.5758503350791796	14545.756925958526	98	42-328	ch1
340	0.5758503099425832	14545.756925958526	98	42-328	ch1
341	0.5758502848059868	14545.763517767656	104	43-336	ch1
342	0.575850317497485	14545.763517767656	104	43-336	ch1
343	0.575850350188983	14545.763517767656	104	43-336	ch1
344	0.5758503828804812	14545.763517767656	104	43-336	ch1
345	0.5758504155719792	14545.763517767656	104	43-336	ch1
346	0.5758504482634772	14545.763517767656	104	43-336	ch1
347	0.5758504809549754	14545.763517767656	104	43-336	ch1
348	0.5758505136464734	14545.763517767656	104	43-336	ch1
349	0.5758505463379714	14545.762353821018	86	44-344	ch1
350	0.5758505405654802	14545.762353821018	86	44-344	ch1
351	0.5758505347929892	14545.762353821018	86	44-344	ch1
352	0.5758505290204982	14545.762353821018	86	44-344	ch1
353	0.5758505232480072	14545.762353821018	86	44-344	ch1
354	0.5758505174755162	14545.762353821018	86	44-344	ch1
355	0.575850511703025	14545.762353821018	86	44-344	ch1
356	0.575850505930534	14545.762353821018	86	44-344	ch1
357	0.575850500158043	14545.77875444869	113	45-352	ch1
358	0.5758505814955146	14545.77875444869	113	45-352	ch1
359	0.5758506628329862	14545.77875444869	113	45-352	ch1
360	0.5758507441704578	14545.77875444869	113	45-352	ch1
361	0.5758508255079294	14545.77875444869	113	45-352	ch1
362	0.575850906845401	14545.77875444869	113	45-352	ch1
363	0.5758509881828726	14545.77875444869	113	45-352	ch1
364	0.575851069520344	14545.77875444869	113	45-352	ch1
365	0.5758511508578158	14545.770741034312	109	46-360	ch1
366	0.5758511111159914	14545.770741034312	109	46-360	ch1
367	0.575851071374167	14545.770741034312	109	46-360	ch1
368	0.5758510316323426	14545.770741034312	109	46-360	ch1
369	0.5758509918905182	14545.770741034312	109	46-360	ch1
370	0.575850952148694	14545.770741034312	109	46-360	ch1
371	0.5758509124068696	14545.770741034312	109	46-360	ch1
372	0.5758508726650452	14545.770741034312	109	46-360	ch1
373	0.5758508329232208	14545.773714670226	94	47-368	ch1
374	0.5758508476707068	14545.773714670226	94	47-368	ch1
375	0.5758508624181928	14545.773714670226	94	47-368	ch1
376	0.5758508771656788	14545.773714670226	94	47-368	ch1
377	0.5758508919131648	14545.773714670226	94	47-368	ch1
378	0.5758509066606508	14545.773714670226	94	47-368	ch1
379	0.5758509214081368	14545.773714670226	94	47-368	ch1
380	0.5758509361556228	14545.773714670226	94	47-368	ch1
381	0.5758509509031088	14545.772421362692	103	48-376	ch1
382	0.5758509444890636	14545.772421362692	103	48-376	ch1
383	0.5758509380750186	14545.772421362692	103	48-376	ch1
384	0.5758509316609736	14545.772421362692	103	48-376	ch1
385	0.5758509252469286	14545.772421362692	103	48-376	ch1
386	0.5758509188328834	14545.772421362692	103	48-376	ch1
387	0.5758509124188386	14545.772421362692	103	48-376	ch1
388	0.5758509060047934	14545.772421362692	103	48-376	ch1
389	0.5758508995907484	14545.773206735158	104	49-384	ch1
390	0.575850903485734	14545.773206735158	104	49-384	ch1
391	0.5758509073807198	14545.773206735158	104	49-384	ch1
392	0.5758509112757056	14545.773206735158	104	49-384	ch1
393	0.5758509151706912	14545.773206735158	104	49-384	ch1
394	0.575850919065677	14545.773206735158	104	49-384	ch1
395	0.5758509229606626	14545.773206735158	104	49-384	ch1
396	0.5758509268556484	14545.773206735158	104	49-384	ch1
397	0.5758509307506342	14545.774767303574	96	50-392	ch1
398	0.575850938490136	14545.774767303574	96	50-392	ch1
399	0.575850946229638	14545.774767303574	96	50-392	ch1
400	0.57585095396914	14545.774767303574	96	50-392	ch1
401	0.5758509617086418	14545.774767303574	96	50-392	ch1
402	0.5758509694481438	14545.774767303574	96	50-392	ch1
403	0.5758509771876458	14545.774767303574	96	50-392	ch1
404	0.5758509849271476	14545.774767303574	96	50-392	ch1
405	0.5758509926666494	14545.770760546216	105	51-400	ch1
406	0.5758509727954884	14545.770760546216	105	51-400	ch1
407	0.5758509529243274	14545.770760546216	105	51-400	ch1
408	0.5758509330531666	14545.770760546216	105	51-400	ch1
409	0.5758509131820054	14545.770760546216	105	51-400	ch1
410	0.5758508933108444	14545.770760546216	105	51-400	ch1
411	0.5758508734396834	14545.770760546216	105	51-400	ch1
412	0.5758508535685226	14545.770760546216	105	51-400	ch1
413	0.5758508336973616	14545.778335854488	101	52-408	ch1
414	0.5758508712664372	14545.778335854488	101	52-408	ch1
415	0.5758509088355128	14545.778335854488	101	52-408	ch1
416	0.5758509464045884	14545.778335854488	101	52-408	ch1
417	0.575850983973664	14545.778335854488	101	52-408	ch1
418	0.5758510215427396	14545.778335854488	101	52-408	ch1
419	0.5758510591118152	14545.778335854488	101	52-408	ch1
420	0.575851096680891	14545.778335854488	101	52-408	ch1
421	0.5758511342499664	14545.77280654806	104	53-416	ch1
422	0.5758511068278572	14545.77280654806	104	53-416	ch1
423	0.575851079405748	14545.77280654806	104	53-416	ch1
424	0.5758510519836386	14545.77280654806	104	53-416	ch1
425	0.5758510245615294	14545.77280654806	104	53-416	ch1
426	0.57585099713942	14545.77280654806	104	53-416	ch1
427	0.5758509697173106	14545.77280654806	104	53-416	ch1
428	0.5758509422952014	14545.77280654806	104	53-416	ch1
429	0.5758509148730922	14545.75405743721	97	54-424	ch1
430	0.5758508218885246	14545.75405743721	97	54-424	ch1
431	0.5758507289039572	14545.75405743721	97	54-424	ch1
432	0.5758506359193896	14545.75405743721	97	54-424	ch1
433	0.575850542934822	14545.75405743721	97	54-424	ch1
434	0.5758504499502544	14545.75405743721	97	54-424	ch1
435	0.575850356965687	14545.75405743721	97	54-424	ch1
436	0.5758502639811194	14545.75405743721	97	54-424	ch1
437	0.5758501709965518	14545.757045745666	99	55-432	ch1
438	0.575850185816805	14545.757045745666	99	55-432	ch1
439	0.5758502006370582	14545.757045745666	99	55-432	ch1
440	0.5758502154573114	14545.757045745666	99	55-432	ch1
441	0.5758502302775644	14545.757045745666	99	55-432	ch1
442	0.5758502450978176	14545.757045745666	99	55-432	ch1
443	0.5758502599180708	14545.757045745666	99	55-432	ch1
444	0.575850274738324	14545.757045745666	99	55-432	ch1
445	0.5758502895585774	14545.773868801836	109	56-440	ch1
446	0.575850372991046	14545.773868801836	109	56-440	ch1
447	0.5758504564235146	14545.773868801836	109	56-440	ch1
448	0.5758505398559832	14545.773868801836	109	56-440	ch1
449	0.5758506232884518	14545.773868801836	109	56-440	ch1
450	0.5758507067209204	14545.773868801836	109	56-440	ch1
451	0.575850790153389	14545.773868801836	109	56-440	ch1
452	0.5758508735858576	14545.773868801836	109	56-440	ch1
453	0.5758509570183262	14545.766721233766	110	57-448	ch1
454	0.5758509215705906	14545.766721233766	110	57-448	ch1
455	0.5758508861228548	14545.766721233766	110	57-448	ch1
456	0.575850850675119	14545.766721233766	110	57-448	ch1
457	0.5758508152273834	14545.766721233766	110	57-448	ch1
458	0.5758507797796478	14545.766721233766	110	57-448	ch1
459	0.575850744331912	14545.766721233766	110	57-448	ch1
460	0.5758507088841762	14545.766721233766	110	57-448	ch1
461	0.5758506734364406	14545.760159246444	80	58-456	ch1
462	0.5758506408928412	14545.760159246444	80	58-456	ch1
463	0.5758506083492418	14545.760159246444	80	58-456	ch1
464	0.5758505758056424	14545.760159246444	80	58-456	ch1
465	0.575850543262043	14545.760159246444	80	58-456	ch1
466	0.5758505107184434	14545.760159246444	80	58-456	ch1
467	0.575850478174844	14545.760159246444	80	58-456	ch1
468	0.5758504456312446	14545.760159246444	80	58-456	ch1
469	0.575850413087645	14545.75723023353	91	59-464	ch1
470	0.575850398561463	14545.75723023353	91	59-464	ch1
471	0.5758503840352808	14545.75723023353	91	59-464	ch1
472	0.5758503695090986	14545.75723023353	91	59-464	ch1
473	0.5758503549829166	14545.75723023353	91	59-464	ch1
474	0.5758503404567344	14545.75723023353	91	59-464	ch1
475	0.5758503259305522	14545.75723023353	91	59-464	ch1
476	0.57585031140437	14545.75723023353	91	59-464	ch1
477	0.575850296878188	14545.76220927488	90	60-472	ch1
478	0.575850321571306	14545.76220927488	90	60-472	ch1
479	0.575850346264424	14545.76220927488	90	60-472	ch1
480	0.575850370957542	14545.76220927488	90	60-472	ch1
481	0.57585039565066	14545.76220927488	90	60-472	ch1
482	0.575850420343778	14545.76220927488	90	60-472	ch1
483	0.575850445036896	14545.76220927488	90	60-472	ch1
484	0.575850469730014	14545.76220927488	90	60-472	ch1
485	0.575850494423132	14545.762823420682	98	61-480	ch1
486	0.5758504974689342	14545.762823420682	98	61-480	ch1
487	0.5758505005147364	14545.762823420682	98	61-480	ch1
488	0.5758505035605384	14545.762823420682	98	61-480	ch1
489	0.5758505066063406	14545.762823420682	98	61-480	ch1
490	0.5758505096521428	14545.762823420682	98	61-480	ch1
491	0.5758505126979448	14545.762823420682	98	61-480	ch1
492	0.575850515743747	14545.762823420682	98	61-480	ch1
493	0.5758505187895492	14545.772790749346	105	62-488	ch1
494	0.5758505682216396	14545.772790749346	105	62-488	ch1
495	0.5758506176537302	14545.772790749346	105	62-488	ch1
496	0.5758506670858208	14545.772790749346	105	62-488	ch1
497	0.5758507165179114	14545.772790749346	105	62-488	ch1
498	0.5758507659500018	14545.772790749346	105	62-488	ch1
499	0.5758508153820926	14545.772790749346	105	62-488	ch1
500	0.575850864814183	14545.772790749346	105	62-488	ch1
501	0.5758509142462736	14545.766239550258	96	63-496	ch1
502	0.5758508817561776	14545.766239550258	96	63-496	ch1
503	0.5758508492660814	14545.766239550258	96	63-496	ch1
504	0.5758508167759852	14545.766239550258	96	63-496	ch1
505	0.575850784285889	14545.766239550258	96	63-496	ch1
506	0.5758507517957928	14545.766239550258	96	63-496	ch1
507	0.5758507193056966	14545.766239550258	96	63-496	ch1
508	0.5758506868156006	14545.766239550258	96	63-496	ch1
509	0.5758506543255044	14545.760338701564	100	64-504	ch1
510	0.575850625060764	14545.760338701564	100	64-504	ch1
511	0.5758505957960234	14545.760338701564	100	64-504	ch1
512	0.575850566531283	14545.760338701564	100	64-504	ch1
513	0.5758505372665424	14545.760338701564	100	64-504	ch1
514	0.5758505080018018	14545.760338701564	100	64-504	ch1
515	0.5758504787370614	14545.760338701564	100	64-504	ch1
516	0.5758504494723208	14545.760338701564	100	64-504	ch1
517	0.5758504202075804	14545.751224171362	103	65-512	ch1
518	0.5758503750048688	14545.751224171362	103	65-512	ch1
519	0.5758503298021572	14545.751224171362	103	65-512	ch1
520	0.5758502845994456	14545.751224171362	103	65-512	ch1
521	0.5758502393967342	14545.751224171362	103	65-512	ch1
522	0.5758501941940226	14545.751224171362	103	65-512	ch1
523	0.575850148991311	14545.751224171362	103	65-512	ch1
524	0.5758501037885996	14545.751224171362	103	65-512	ch1
525	0.575850058585888	14545.757683255694	96	66-520	ch1
526	0.575850090619149	14545.757683255694	96	66-520	ch1
527	0.5758501226524102	14545.757683255694	96	66-520	ch1
528	0.5758501546856714	14545.757683255694	96	66-520	ch1
529	0.5758501867189324	14545.757683255694	96	66-520	ch1
530	0.5758502187521934	14545.757683255694	96	66-520	ch1
531	0.5758502507854546	14545.757683255694	96	66-520	ch1
532	0.5758502828187158	14545.757683255694	96	66-520	ch1
533	0.5758503148519768	14545.759660172658	89	67-528	ch1
534	0.5758503246563228	14545.759660172658	89	67-528	ch1
535	0.5758503344606688	14545.759660172658	89	67-528	ch1
536	0.5758503442650148	14545.759660172658	89	67-528	ch1
537	0.5758503540693606	14545.759660172658	89	67-528	ch1
538	0.5758503638737066	14545.759660172658	89	67-528	ch1
539	0.5758503736780526	14545.759660172658	89	67-528	ch1
540	0.5758503834823986	14545.759660172658	89	67-528	ch1
541	0.5758503932867444	14545.766162585834	97	68-536	ch1
542	0.575850425534891	14545.766162585834	97	68-536	ch1
543	0.5758504577830378	14545.766162585834	97	68-536	ch1
544	0.5758504900311844	14545.766162585834	97	68-536	ch1
545	0.5758505222793312	14545.766162585834	97	68-536	ch1
546	0.5758505545274778	14545.766162585834	97	68-536	ch1
547	0.5758505867756246	14545.766162585834	97	68-536	ch1
548	0.5758506190237712	14545.766162585834	97	68-536	ch1
549	0.575850651271918	14545.7617665489	100	69-544	ch1
550	0.5758506294701592	14545.7617665489	100	69-544	ch1
551	0.5758506076684002	14545.7617665489	100	69-544	ch1
552	0.5758505858666414	14545.7617665489	100	69-544	ch1
553	0.5758505640648826	14545.7617665489	100	69-544	ch1
554	0.5758505422631238	14545.7617665489	100	69-544	ch1
555	0.575850520461365	14545.7617665489	100	69-544	ch1
556	0.575850498659606	14545.7617665489	100	69-544	ch1
557	0.5758504768578472	14545.7554121375	103	70-552	ch1
558	0.5758504453437022	14545.7554121375	103	70-552	ch1
559	0.5758504138295574	14545.7554121375	103	70-552	ch1
560	0.5758503823154124	14545.7554121375	103	70-552	ch1
561	0.5758503508012676	14545.7554121375	103	70-552	ch1
562	0.5758503192871228	14545.7554121375	103	70-552	ch1
563	0.5758502877729778	14545.7554121375	103	70-552	ch1
564	0.575850256258833	14545.7554121375	103	70-552	ch1
565	0.5758502247446882	14545.76710369984	86	71-560	ch1
566	0.575850282727964	14545.76710369984	86	71-560	ch1
567	0.57585034071124	14545.76710369984	86	71-560	ch1
568	0.575850398694516	14545.76710369984	86	71-560	ch1
569	0.575850456677792	14545.76710369984	86	71-560	ch1
570	0.5758505146610678	14545.76710369984	86	71-560	ch1
571	0.5758505726443438	14545.76710369984	86	71-560	ch1
572	0.5758506306276198	14545.76710369984	86	71-560	ch1
573	0.5758506886108956	14545.763504746434	96	72-568	ch1
574	0.5758506707622024	14545.763504746434	96	72-568	ch1
575	0.5758506529135094	14545.763504746434	96	72-568	ch1
576	0.5758506350648164	14545.763504746434	96	72-568	ch1
577	0.5758506172161232	14545.763504746434	96	72-568	ch1
578	0.57585059936743	14545.763504746434	96	72-568	ch1
579	0.5758505815187368	14545.763504746434	96	72-568	ch1
580	0.5758505636700438	14545.763504746434	96	72-568	ch1
581	0.5758505458213506	14545.75070655529	93	73-576	ch1
582	0.5758504823498464	14545.75070655529	93	73-576	ch1
583	0.575850418878342	14545.75070655529	93	73-576	ch1
584	0.5758503554068378	14545.75070655529	93	73-576	ch1
585	0.5758502919353336	14545.75070655529	93	73-576	ch1
586	0.5758502284638294	14545.75070655529	93	73-576	ch1
587	0.5758501649923252	14545.75070655529	93	73-576	ch1
588	0.5758501015208208	14545.75070655529	93	73-576	ch1
589	0.5758500380493166	14545.760903499968	98	74-584	ch1
590	0.5758500886201676	14545.760903499968	98	74-584	ch1
591	0.5758501391910186	14545.760903499968	98	74-584	ch1
592	0.5758501897618696	14545.760903499968	98	74-584	ch1
593	0.5758502403327206	14545.760903499968	98	74-584	ch1
594	0.5758502909035716	14545.760903499968	98	74-584	ch1
595	0.5758503414744226	14545.760903499968	98	74-584	ch1
596	0.5758503920452736	14545.760903499968	98	74-584	ch1
597	0.5758504426161246	14545.76615742795	88	75-592	ch1
598	0.5758504686725188	14545.76615742795	88	75-592	ch1
599	0.5758504947289128	14545.76615742795	88	75-592	ch1
600	0.575850520785307	14545.76615742795	88	75-592	ch1
601	0.575850546841701	14545.76615742795	88	75-592	ch1
602	0.5758505728980952	14545.76615742795	88	75-592	ch1
603	0.5758505989544892	14545.76615742795	88	75-592	ch1
604	0.5758506250108832	14545.76615742795	88	75-592	ch1
605	0.5758506510672774	14545.76128995521	99	76-600	ch1
606	0.5758506269274742	14545.76128995521	99	76-600	ch1
607	0.575850602787671	14545.76128995521	99	76-600	ch1
608	0.5758505786478676	14545.76128995521	99	76-600	ch1
609	0.5758505545080642	14545.76128995521	99	76-600	ch1
610	0.575850530368261	14545.76128995521	99	76-600	ch1
611	0.5758505062284576	14545.76128995521	99	76-600	ch1
612	0.5758504820886544	14545.76128995521	99	76-600	ch1
613	0.575850457948851	14545.76938848835	100	77-608	ch1
614	0.5758504981128146	14545.76938848835	100	77-608	ch1
615	0.575850538276778	14545.76938848835	100	77-608	ch1
616	0.5758505784407414	14545.76938848835	100	77-608	ch1
617	0.5758506186047048	14545.76938848835	100	77-608	ch1
618	0.575850658768668	14545.76938848835	100	77-608	ch1
619	0.5758506989326314	14545.76938848835	100	77-608	ch1
620	0.5758507390965948	14545.76938848835	100	77-608	ch1
621	0.5758507792605582	14545.75240465232	85	78-616	ch1
622	0.575850695030716	14545.75240465232	85	78-616	ch1
623	0.5758506108008738	14545.75240465232	85	78-616	ch1
624	0.5758505265710316	14545.75240465232	85	78-616	ch1
625	0.5758504423411894	14545.75240465232	85	78-616	ch1
626	0.5758503581113472	14545.75240465232	85	78-616	ch1
627	0.575850273881505	14545.75240465232	85	78-616	ch1
628	0.5758501896516628	14545.75240465232	85	78-616	ch1
629	0.5758501054218206	14545.768088356044	90	79-624	ch1
630	0.5758501832037708	14545.768088356044	90	79-624	ch1
631	0.575850260985721	14545.768088356044	90	79-624	ch1
632	0.5758503387676714	14545.768088356044	90	79-624	ch1
633	0.5758504165496218	14545.768088356044	90	79-624	ch1
634	0.575850494331572	14545.768088356044	90	79-624	ch1
635	0.5758505721135224	14545.768088356044	90	79-624	ch1
636	0.5758506498954726	14545.768088356044	90	79-624	ch1
637	0.5758507276774228	14545.765176533398	87	80-632	ch1
638	0.5758507132364944	14545.765176533398	87	80-632	ch1
639	0.5758506987955658	14545.765176533398	87	80-632	ch1
640	0.5758506843546374	14545.765176533398	87	80-632	ch1
641	0.5758506699137088	14545.765176533398	87	80-632	ch1
642	0.5758506554727802	14545.765176533398	87	80-632	ch1
643	0.5758506410318518	14545.765176533398	87	80-632	ch1
644	0.5758506265909234	14545.765176533398	87	80-632	ch1
645	0.5758506121499948	14545.757573439636	96	81-640	ch1
646	0.5758505744431196	14545.757573439636	96	81-640	ch1
647	0.5758505367362442	14545.757573439636	96	81-640	ch1
648	0.5758504990293688	14545.757573439636	96	81-640	ch1
649	0.5758504613224934	14545.757573439636	96	81-640	ch1
650	0.5758504236156182	14545.757573439636	96	81-640	ch1
651	0.5758503859087428	14545.757573439636	96	81-640	ch1
652	0.5758503482018674	14545.757573439636	96	81-640	ch1
653	0.575850310494992	14545.751266947532	100	82-648	ch1
654	0.5758502792184988	14545.751266947532	100	82-648	ch1
655	0.5758502479420054	14545.751266947532	100	82-648	ch1
656	0.575850216665512	14545.751266947532	100	82-648	ch1
657	0.5758501853890188	14545.751266947532	100	82-648	ch1
658	0.5758501541125254	14545.751266947532	100	82-648	ch1
659	0.575850122836032	14545.751266947532	100	82-648	ch1
660	0.5758500915595386	14545.751266947532	100	82-648	ch1
661	0.5758500602830452	14545.763147648024	99	83-656	ch1
662	0.5758501192043354	14545.763147648024	99	83-656	ch1
663	0.5758501781256252	14545.763147648024	99	83-656	ch1
664	0.5758502370469152	14545.763147648024	99	83-656	ch1
665	0.5758502959682052	14545.763147648024	99	83-656	ch1
666	0.5758503548894952	14545.763147648024	99	83-656	ch1
667	0.5758504138107852	14545.763147648024	99	83-656	ch1
668	0.575850472732075	14545.763147648024	99	83-656	ch1
669	0.5758505316533652	14545.755734218564	94	84-664	ch1
670	0.5758504948871134	14545.755734218564	94	84-664	ch1
671	0.5758504581208614	14545.755734218564	94	84-664	ch1
672	0.5758504213546096	14545.755734218564	94	84-664	ch1
673	0.5758503845883576	14545.755734218564	94	84-664	ch1
674	0.5758503478221056	14545.755734218564	94	84-664	ch1
675	0.5758503110558538	14545.755734218564	94	84-664	ch1
676	0.575850274289602	14545.755734218564	94	84-664	ch1
677	0.57585023752335	14545.740831426086	86	85-672	ch1
678	0.5758501636142604	14545.740831426086	86	85-672	ch1
679	0.5758500897051708	14545.740831426086	86	85-672	ch1
680	0.5758500157960812	14545.740831426086	86	85-672	ch1
681	0.5758499418869916	14545.740831426086	86	85-672	ch1
682	0.575849867977902	14545.740831426086	86	85-672	ch1
683	0.5758497940688124	14545.740831426086	86	85-672	ch1
684	0.5758497201597228	14545.740831426086	86	85-672	ch1
685	0.5758496462506332	14545.75872323205	96	86-680	ch1
686	0.5758497349834726	14545.75872323205	96	86-680	ch1
687	0.5758498237163118	14545.75872323205	96	86-680	ch1
688	0.5758499124491512	14545.75872323205	96	86-680	ch1
689	0.5758500011819904	14545.75872323205	96	86-680	ch1
690	0.5758500899148298	14545.75872323205	96	86-680	ch1
691	0.575850178647669	14545.75872323205	96	86-680	ch1
692	0.5758502673805084	14545.75872323205	96	86-680	ch1
693	0.5758503561133476	14545.753462242202	120	87-688	ch1
694	0.5758503300219308	14545.753462242202	120	87-688	ch1
695	0.575850303930514	14545.753462242202	120	87-688	ch1
696	0.5758502778390972	14545.753462242202	120	87-688	ch1
697	0.5758502517476804	14545.753462242202	120	87-688	ch1
698	0.5758502256562636	14545.753462242202	120	87-688	ch1
699	0.5758501995648468	14545.753462242202	120	87-688	ch1
700	0.57585017347343	14545.753462242202	120	87-688	ch1
701	0.5758501473820132	14545.761159352238	114	88-696	ch1
702	0.575850185555154	14545.761159352238	114	88-696	ch1
703	0.5758502237282948	14545.761159352238	114	88-696	ch1
704	0.5758502619014356	14545.761159352238	114	88-696	ch1
705	0.5758503000745764	14545.761159352238	114	88-696	ch1
706	0.575850338247717	14545.761159352238	114	88-696	ch1
707	0.5758503764208578	14545.761159352238	114	88-696	ch1
708	0.5758504145939988	14545.761159352238	114	88-696	ch1
709	0.5758504527671394	14545.766787763224	127	89-704	ch1
710	0.5758504806807492	14545.766787763224	127	89-704	ch1
711	0.5758505085943588	14545.766787763224	127	89-704	ch1
712	0.5758505365079684	14545.766787763224	127	89-704	ch1
713	0.575850564421578	14545.766787763224	127	89-704	ch1
714	0.5758505923351876	14545.766787763224	127	89-704	ch1
715	0.5758506202487974	14545.766787763224	127	89-704	ch1
716	0.575850648162407	14545.766787763224	127	89-704	ch1
717	0.5758506760760166	14545.76883964243	94	90-712	ch1
718	0.5758506862521312	14545.76883964243	94	90-712	ch1
719	0.5758506964282458	14545.76883964243	94	90-712	ch1
720	0.5758507066043604	14545.76883964243	94	90-712	ch1
721	0.575850716780475	14545.76883964243	94	90-712	ch1
722	0.5758507269565896	14545.76883964243	94	90-712	ch1
723	0.5758507371327042	14545.76883964243	94	90-712	ch1
724	0.5758507473088188	14545.76883964243	94	90-712	ch1
725	0.5758507574849332	14545.763378926974	114	91-720	ch1
726	0.5758507304029948	14545.763378926974	114	91-720	ch1
727	0.5758507033210566	14545.763378926974	114	91-720	ch1
728	0.575850676239118	14545.763378926974	114	91-720	ch1
729	0.5758506491571798	14545.763378926974	114	91-720	ch1
730	0.5758506220752414	14545.763378926974	114	91-720	ch1
731	0.5758505949933028	14545.763378926974	114	91-720	ch1
732	0.5758505679113646	14545.763378926974	114	91-720	ch1
733	0.5758505408294262	14545.761213819472	108	92-728	ch1
734	0.5758505300917658	14545.761213819472	108	92-728	ch1
735	0.5758505193541054	14545.761213819472	108	92-728	ch1
736	0.575850508616445	14545.761213819472	108	92-728	ch1
737	0.5758504978787846	14545.761213819472	108	92-728	ch1
738	0.5758504871411244	14545.761213819472	108	92-728	ch1
739	0.575850476403464	14545.761213819472	108	92-728	ch1
740	0.5758504656658034	14545.761213819472	108	92-728	ch1
741	0.5758504549281432	14545.75428085581	84	93-736	ch1
742	0.575850420544719	14545.75428085581	84	93-736	ch1
743	0.575850386161295	14545.75428085581	84	93-736	ch1
744	0.575850351777871	14545.75428085581	84	93-736	ch1
745	0.575850317394447	14545.75428085581	84	93-736	ch1
746	0.575850283011023	14545.75428085581	84	93-736	ch1
747	0.575850248627599	14545.75428085581	84	93-736	ch1
748	0.575850214244175	14545.75428085581	84	93-736	ch1
749	0.575850179860751	14545.753160182784	101	94-744	ch1
750	0.5758501743028718	14545.753160182784	101	94-744	ch1
751	0.5758501687449924	14545.753160182784	101	94-744	ch1
752	0.575850163187113	14545.753160182784	101	94-744	ch1
753	0.5758501576292336	14545.753160182784	101	94-744	ch1
754	0.5758501520713542	14545.753160182784	101	94-744	ch1
755	0.5758501465134748	14545.753160182784	101	94-744	ch1
756	0.5758501409555954	14545.753160182784	101	94-744	ch1
757	0.575850135397716	14545.74141497558	82	95-752	ch1
758	0.5758500771483932	14545.74141497558	82	95-752	ch1
759	0.5758500188990702	14545.74141497558	82	95-752	ch1
760	0.5758499606497474	14545.74141497558	82	95-752	ch1
761	0.5758499024004244	14545.74141497558	82	95-752	ch1
762	0.5758498441511014	14545.74141497558	82	95-752	ch1
763	0.5758497859017786	14545.74141497558	82	95-752	ch1
764	0.5758497276524556	14545.74141497558	82	95-752	ch1
765	0.5758496694031326	14545.75465593372	84	96-760	ch1
766	0.575849735070501	14545.75465593372	84	96-760	ch1
767	0.5758498007378692	14545.75465593372	84	96-760	ch1
768	0.5758498664052374	14545.75465593372	84	96-760	ch1
769	0.5758499320726056	14545.75465593372	84	96-760	ch1
770	0.5758499977399738	14545.75465593372	84	96-760	ch1
771	0.5758500634073422	14545.75465593372	84	96-760	ch1
772	0.5758501290747104	14545.75465593372	84	96-760	ch1
773	0.5758501947420788	14545.752361931146	101	97-768	ch1
774	0.5758501833651746	14545.752361931146	101	97-768	ch1
775	0.5758501719882704	14545.752361931146	101	97-768	ch1
776	0.5758501606113662	14545.752361931146	101	97-768	ch1
777	0.575850149234462	14545.752361931146	101	97-768	ch1
778	0.5758501378575578	14545.752361931146	101	97-768	ch1
779	0.5758501264806538	14545.752361931146	101	97-768	ch1
780	0.5758501151037496	14545.752361931146	101	97-768	ch1
781	0.5758501037268454	14545.749210098382	95	98-776	ch1
782	0.5758500880956078	14545.749210098382	95	98-776	ch1
783	0.57585007246437	14545.749210098382	95	98-776	ch1
784	0.5758500568331326	14545.749210098382	95	98-776	ch1
785	0.575850041201895	14545.749210098382	95	98-776	ch1
786	0.5758500255706572	14545.749210098382	95	98-776	ch1
787	0.5758500099394198	14545.749210098382	95	98-776	ch1
788	0.5758499943081822	14545.749210098382	95	98-776	ch1
789	0.5758499786769444	14545.755881522776	96	99-784	ch1
790	0.5758500117632874	14545.755881522776	96	99-784	ch1
791	0.5758500448496304	14545.755881522776	96	99-784	ch1
792	0.5758500779359734	14545.755881522776	96	99-784	ch1
793	0.5758501110223164	14545.755881522776	96	99-784	ch1
794	0.5758501441086594	14545.755881522776	96	99-784	ch1
795	0.5758501771950024	14545.755881522776	96	99-784	ch1
796	0.5758502102813454	14545.755881522776	96	99-784	ch1
797	0.5758502433676882	14545.749513455566	109	100-792	ch1
798	0.5758502117858186	14545.749513455566	109	100-792	ch1
799	0.5758501802039488	14545.749513455566	109	100-792	ch1
800	0.5758501486220792	14545.749513455566	109	100-792	ch1
801	0.5758501170402096	14545.749513455566	109	100-792	ch1
802	0.5758500854583398	14545.749513455566	109	100-792	ch1
803	0.5758500538764702	14545.749513455566	109	100-792	ch1
804	0.5758500222946006	14545.749513455566	109	100-792	ch1
805	0.5758499907127308	14545.751548576386	105	101-800	ch1
806	0.5758500008057336	14545.751548576386	105	101-800	ch1
807	0.5758500108987364	14545.751548576386	105	101-800	ch1
808	0.5758500209917394	14545.751548576386	105	101-800	ch1
809	0.5758500310847422	14545.751548576386	105	101-800	ch1
810	0.5758500411777452	14545.751548576386	105	101-800	ch1
811	0.575850051270748	14545.751548576386	105	101-800	ch1
812	0.5758500613637508	14545.751548576386	105	101-800	ch1
813	0.5758500714567536	14545.75018593216	95	102-808	ch1
814	0.5758500646988394	14545.75018593216	95	102-808	ch1
815	0.575850057940925	14545.75018593216	95	102-808	ch1
816	0.5758500511830108	14545.75018593216	95	102-808	ch1
817	0.5758500444250966	14545.75018593216	95	102-808	ch1
818	0.5758500376671822	14545.75018593216	95	102-808	ch1
819	0.575850030909268	14545.75018593216	95	102-808	ch1
820	0.5758500241513536	14545.75018593216	95	102-808	ch1
821	0.5758500173934394	14545.746074205014	89	103-816	ch1
822	0.57584999700169	14545.746074205014	89	103-816	ch1
823	0.5758499766099406	14545.746074205014	89	103-816	ch1
824	0.575849956218191	14545.746074205014	89	103-816	ch1
825	0.5758499358264416	14545.746074205014	89	103-816	ch1
826	0.5758499154346922	14545.746074205014	89	103-816	ch1
827	0.5758498950429428	14545.746074205014	89	103-816	ch1
828	0.5758498746511934	14545.746074205014	89	103-816	ch1
829	0.575849854259444	14545.761416250298	119	104-824	ch1
830	0.5758499303469692	14545.761416250298	119	104-824	ch1
831	0.5758500064344946	14545.761416250298	119	104-824	ch1
832	0.5758500825220198	14545.761416250298	119	104-824	ch1
833	0.575850158609545	14545.761416250298	119	104-824	ch1
834	0.5758502346970704	14545.761416250298	119	104-824	ch1
835	0.5758503107845956	14545.761416250298	119	104-824	ch1
836	0.575850386872121	14545.761416250298	119	104-824	ch1
837	0.5758504629596462	14545.77156782723	98	105-832	ch1
838	0.5758505133055	14545.77156782723	98	105-832	ch1
839	0.5758505636513536	14545.77156782723	98	105-832	ch1
840	0.5758506139972072	14545.77156782723	98	105-832	ch1
841	0.5758506643430608	14545.77156782723	98	105-832	ch1
842	0.5758507146889146	14545.77156782723	98	105-832	ch1
843	0.5758507650347682	14545.77156782723	98	105-832	ch1
844	0.5758508153806218	14545.77156782723	98	105-832	ch1
845	0.5758508657264754	14545.758170753724	89	106-840	ch1
846	0.5758507992848668	14545.758170753724	89	106-840	ch1
847	0.5758507328432582	14545.758170753724	89	106-840	ch1
848	0.5758506664016494	14545.758170753724	89	106-840	ch1
849	0.5758505999600406	14545.758170753724	89	106-840	ch1
850	0.575850533518432	14545.758170753724	89	106-840	ch1
851	0.5758504670768232	14545.758170753724	89	106-840	ch1
852	0.5758504006352146	14545.758170753724	89	106-840	ch1
853	0.575850334193606	14545.755051268902	97	107-848	ch1
854	0.575850318722795	14545.755051268902	97	107-848	ch1
855	0.5758503032519842	14545.755051268902	97	107-848	ch1
856	0.5758502877811734	14545.755051268902	97	107-848	ch1
857	0.5758502723103626	14545.755051268902	97	107-848	ch1
858	0.5758502568395518	14545.755051268902	97	107-848	ch1
859	0.575850241368741	14545.755051268902	97	107-848	ch1
860	0.5758502258979302	14545.755051268902	97	107-848	ch1
861	0.5758502104271194	14545.74857648634	98	108-856	ch1
862	0.5758501783160042	14545.74857648634	98	108-856	ch1
863	0.5758501462048892	14545.74857648634	98	108-856	ch1
864	0.575850114093774	14545.74857648634	98	108-856	ch1
865	0.575850081982659	14545.74857648634	98	108-856	ch1
866	0.5758500498715438	14545.74857648634	98	108-856	ch1
867	0.5758500177604288	14545.74857648634	98	108-856	ch1
868	0.5758499856493136	14545.74857648634	98	108-856	ch1
869	0.5758499535381986	14545.756299622572	102	109-864	ch1
870	0.575849991840414	14545.756299622572	102	109-864	ch1
871	0.5758500301426294	14545.756299622572	102	109-864	ch1
872	0.5758500684448448	14545.756299622572	102	109-864	ch1
873	0.5758501067470602	14545.756299622572	102	109-864	ch1
874	0.5758501450492756	14545.756299622572	102	109-864	ch1
875	0.5758501833514912	14545.756299622572	102	109-864	ch1
876	0.5758502216537066	14545.756299622572	102	109-864	ch1
877	0.575850259955922	14545.74172729141	90	110-872	ch1
878	0.5758501876857262	14545.74172729141	90	110-872	ch1
879	0.5758501154155304	14545.74172729141	90	110-872	ch1
880	0.5758500431453346	14545.74172729141	90	110-872	ch1
881	0.575849970875139	14545.74172729141	90	110-872	ch1
882	0.5758498986049432	14545.74172729141	90	110-872	ch1
883	0.5758498263347474	14545.74172729141	90	110-872	ch1
884	0.5758497540645516	14545.74172729141	90	110-872	ch1
885	0.575849681794356	14545.74864393398	109	111-880	ch1
886	0.575849716096837	14545.74864393398	109	111-880	ch1
887	0.575849750399318	14545.74864393398	109	111-880	ch1
888	0.5758497847017988	14545.74864393398	109	111-880	ch1
889	0.5758498190042798	14545.74864393398	109	111-880	ch1
890	0.5758498533067608	14545.74864393398	109	111-880	ch1
891	0.5758498876092418	14545.74864393398	109	111-880	ch1
892	0.5758499219117228	14545.74864393398	109	111-880	ch1
889	0.5758499562142038	14545.74864393398	109	END	ch1
890	0.5758499562142038	14545.74864393398	109	END	ch1
891	0.5758499562142038	14545.74864393398	109	END	ch1
892	0.5758499562142038	14545.74864393398	109	END	ch1
893	0.5758499562142038	14545.74864393398	109	END	ch1
894	0.5758499562142038	14545.74864393398	109	END	ch1
895	0.5758499562142038	14545.74864393398	109	END	ch1
896	0.5758499562142038	14545.74864393398	109	END	ch1
