Multi MS Window Export

Acqusition Time: 20.12.2020 / 14:23:51
Number of Spectra: 896
Min Mass: 75.84292227494684 m/z
Max Mass: 76.0396698543956 m/z
Number of Accumulations: 30
Interscandelay: 100
Time Multiplicity: 2
Overflow Number: 0
Calibration-B: 0.575849041251
Time Step: 0.0016
comment:
14:38: MS 450 RT window adjusted from 9.97 to 9.975 because 76Rb went up

Clipped at MS105 when beam merging turned on.


Target:	MS "MS 1 - 896 t-res ni=1067.57"
m/z	->	N
75.9299202342286	0
75.92993694048664	0
75.92995364674654	0
75.92997035300826	1
75.92998705927182	0
75.93000376553724	0
75.93002047180446	0
75.93003717807356	0
75.93005388434446	0
75.93007059061722	0
75.93008729689182	0
75.93010400316824	0
75.9301207094465	0
75.93013741572662	0
75.93015412200856	0
75.93017082829234	0
75.93018753457796	0
75.93020424086542	0
75.93022094715472	0
75.93023765344584	0
75.93025435973884	0
75.93027106603364	0
75.93028777233028	0
75.93030447862876	0
75.93032118492908	0
75.93033789123124	0
75.93035459753524	0
75.93037130384108	0
75.93038801014876	0
75.93040471645828	0
75.93042142276964	0
75.9304381290828	0
75.93045483539782	0
75.9304715417147	0
75.93048824803338	0
75.93050495435394	0
75.93052166067632	0
75.93053836700054	0
75.93055507332658	0
75.93057177965448	0
75.9305884859842	0
75.93060519231578	1
75.93062189864918	0
75.93063860498442	0
75.9306553113215	0
75.93067201766042	0
75.93068872400118	0
75.93070543034376	0
75.9307221366882	1
75.93073884303446	0
75.93075554938258	0
75.93077225573252	0
75.93078896208432	0
75.93080566843792	0
75.93082237479338	0
75.93083908115068	0
75.9308557875098	0
75.93087249387078	0
75.9308892002336	0
75.93090590659826	0
75.93092261296472	0
75.93093931933306	0
75.93095602570322	0
75.9309727320752	0
75.93098943844906	0
75.93100614482474	0
75.93102285120224	0
75.9310395575816	0
75.9310562639628	0
75.93107297034582	0
75.93108967673068	0
75.93110638311738	0
75.93112308950592	0
75.9311397958963	0
75.93115650228852	0
75.93117320868258	0
75.93118991507846	0
75.9312066214762	0
75.93122332787578	0
75.93124003427718	0
75.93125674068042	0
75.9312734470855	0
75.93129015349242	1
75.93130685990118	0
75.93132356631176	1
75.9313402727242	0
75.93135697913848	0
75.93137368555458	2
75.93139039197252	0
75.9314070983923	1
75.93142380481394	0
75.93144051123738	0
75.93145721766268	0
75.93147392408984	0
75.9314906305188	1
75.93150733694962	1
75.93152404338228	0
75.93154074981674	1
75.93155745625308	0
75.93157416269124	1
75.93159086913124	0
75.93160757557308	0
75.93162428201676	0
75.93164098846228	0
75.93165769490962	2
75.9316744013588	2
75.93169110780984	0
75.9317078142627	0
75.93172452071742	1
75.93174122717396	0
75.93175793363234	0
75.93177464009254	1
75.9317913465546	1
75.9318080530185	0
75.93182475948424	2
75.93184146595182	0
75.9318581724212	0
75.93187487889244	0
75.93189158536554	0
75.93190829184046	0
75.93192499831722	0
75.9319417047958	0
75.93195841127626	0
75.93197511775852	1
75.93199182424264	1
75.93200853072858	1
75.93202523721636	0
75.93204194370598	0
75.93205865019746	1
75.93207535669076	0
75.93209206318588	1
75.93210876968286	0
75.93212547618168	0
75.93214218268234	1
75.93215888918482	1
75.93217559568914	0
75.9321923021953	0
75.93220900870332	0
75.93222571521314	0
75.93224242172482	0
75.93225912823834	1
75.9322758347537	0
75.93229254127088	0
75.93230924778992	1
75.93232595431078	2
75.93234266083348	0
75.93235936735804	0
75.93237607388442	1
75.93239278041264	0
75.9324094869427	0
75.93242619347458	0
75.93244290000832	1
75.9324596065439	1
75.9324763130813	0
75.93249301962054	1
75.93250972616164	0
75.93252643270456	0
75.9325431392493	1
75.93255984579592	0
75.93257655234434	0
75.9325932588946	0
75.93260996544672	0
75.93262667200068	2
75.93264337855646	0
75.93266008511408	0
75.93267679167354	0
75.93269349823486	3
75.93271020479798	0
75.93272691136296	2
75.9327436179298	1
75.93276032449844	0
75.93277703106892	0
75.93279373764126	0
75.93281044421542	0
75.93282715079142	0
75.93284385736926	0
75.93286056394894	1
75.93287727053046	0
75.93289397711382	1
75.932910683699	0
75.93292739028604	0
75.93294409687492	1
75.93296080346562	0
75.93297751005816	1
75.93299421665256	1
75.93301092324878	0
75.93302762984682	0
75.93304433644672	1
75.93306104304846	1
75.93307774965202	0
75.93309445625744	0
75.93311116286468	1
75.93312786947376	1
75.9331445760847	3
75.93316128269746	1
75.93317798931204	2
75.93319469592848	0
75.93321140254676	1
75.93322810916686	0
75.93324481578884	1
75.93326152241262	4
75.93327822903822	1
75.9332949356657	1
75.93331164229502	1
75.93332834892616	2
75.93334505555912	0
75.93336176219394	0
75.9333784688306	3
75.93339517546908	3
75.93341188210942	1
75.93342858875158	1
75.93344529539558	1
75.93346200204142	3
75.93347870868912	3
75.93349541533862	0
75.93351212198998	2
75.93352882864318	2
75.9335455352982	2
75.93356224195508	5
75.9335789486138	6
75.93359565527432	1
75.93361236193672	7
75.93362906860094	4
75.93364577526702	2
75.9336624819349	4
75.93367918860464	1
75.9336958952762	3
75.93371260194962	8
75.93372930862486	3
75.93374601530196	7
75.93376272198088	6
75.93377942866164	3
75.93379613534424	0
75.93381284202868	8
75.93382954871496	10
75.93384625540308	4
75.93386296209302	7
75.9338796687848	8
75.93389637547844	3
75.9339130821739	6
75.9339297888712	8
75.93394649557034	3
75.93396320227132	12
75.93397990897414	16
75.9339966156788	13
75.9340133223853	12
75.93403002909362	10
75.9340467358038	10
75.9340634425158	10
75.93408014922964	15
75.93409685594532	15
75.93411356266284	22
75.9341302693822	17
75.9341469761034	19
75.93416368282642	23
75.9341803895513	23
75.934197096278	38
75.93421380300656	25
75.93423050973694	45
75.93424721646916	59
75.93426392320322	46
75.93428062993912	73
75.93429733667686	66
75.93431404341644	83
75.93433075015786	107
75.9343474569011	132
75.93436416364618	192
75.93438087039312	231
75.93439757714188	319
75.93441428389248	399
75.93443099064492	531
75.93444769739918	605
75.93446440415532	725
75.93448111091328	859
75.93449781767306	892
75.93451452443468	924
75.93453123119816	978
75.93454793796344	940
75.9345646447306	907
75.93458135149958	813
75.93459805827038	689
75.93461476504306	602
75.93463147181754	531
75.93464817859386	394
75.93466488537204	329
75.93468159215206	256
75.9346982989339	184
75.93471500571758	150
75.9347317125031	122
75.93474841929048	92
75.93476512607966	67
75.9347818328707	61
75.93479853966358	48
75.93481524645828	42
75.93483195325484	34
75.93484866005322	34
75.93486536685344	29
75.9348820736555	24
75.9348987804594	21
75.93491548726514	12
75.9349321940727	19
75.93494890088212	13
75.93496560769338	14
75.93498231450646	22
75.9349990213214	11
75.93501572813818	14
75.93503243495676	6
75.9350491417772	8
75.93506584859948	7
75.9350825554236	11
75.93509926224956	8
75.93511596907734	4
75.93513267590698	6
75.93514938273844	4
75.93516608957176	3
75.93518279640688	4
75.93519950324388	3
75.9352162100827	4
75.93523291692334	4
75.93524962376584	1
75.93526633061018	4
75.93528303745634	3
75.93529974430436	3
75.93531645115422	2
75.93533315800588	2
75.9353498648594	2
75.93536657171478	0
75.93538327857198	2
75.935399985431	0
75.93541669229188	2
75.9354333991546	1
75.93545010601914	0
75.93546681288552	1
75.93548351975376	1
75.93550022662382	2
75.93551693349572	0
75.93553364036946	0
75.93555034724504	0
75.93556705412244	2
75.93558376100172	0
75.93560046788278	1
75.93561717476572	0
75.9356338816505	2
75.9356505885371	3
75.93566729542554	1
75.93568400231582	0
75.93570070920794	0
75.93571741610188	0
75.9357341229977	0
75.93575082989532	1
75.93576753679478	2
75.9357842436961	0
75.93580095059924	1
75.93581765750422	2
75.93583436441104	0
75.9358510713197	0
75.9358677782302	1
75.93588448514252	2
75.9359011920567	1
75.9359178989727	0
75.93593460589056	0
75.93595131281026	0
75.93596801973176	0
75.93598472665512	1
75.93600143358034	0
75.93601814050736	1
75.93603484743624	1
75.93605155436696	0
75.93606826129952	2
75.9360849682339	0
75.93610167517012	0
75.9361183821082	0
75.93613508904808	1
75.93615179598984	1
75.93616850293342	1
75.93618520987882	0
75.93620191682608	0
75.93621862377518	0
75.9362353307261	0
75.93625203767888	0
75.93626874463348	1
75.93628545158992	0
75.9363021585482	0
75.93631886550832	0
75.93633557247028	0
75.93635227943406	0
75.9363689863997	0
75.93638569336716	0
75.93640240033648	0
75.93641910730764	0
75.93643581428062	0
75.93645252125544	0
75.93646922823208	0
75.9364859352106	1
75.93650264219092	1
75.9365193491731	1
75.93653605615712	0
75.93655276314296	1
75.93656947013066	0
75.93658617712018	1
75.93660288411152	1
75.93661959110474	0
75.93663629809978	0
75.93665300509664	0
75.93666971209538	0
75.93668641909592	0
75.9367031260983	0
75.93671983310254	0
75.9367365401086	0
75.93675324711652	0
75.93676995412626	0
75.93678666113784	0
75.93680336815126	1
75.9368200751665	0
75.9368367821836	0
75.93685348920252	1
75.93687019622328	1
75.9368869032459	1
75.93690361027036	0
75.93692031729664	0
75.93693702432476	0
75.93695373135472	1
75.9369704383865	0
75.93698714542014	0
75.9370038524556	0
75.93702055949292	0
75.93703726653206	0
75.93705397357304	0
75.93707068061586	0
75.93708738766054	1
75.93710409470704	0
75.93712080175538	0
75.93713750880554	0
75.93715421585756	0
75.93717092291142	0
75.93718762996708	0
75.93720433702462	0
75.93722104408398	0
75.93723775114518	0
75.93725445820824	0
75.9372711652731	0
75.93728787233982	0
75.93730457940838	0
75.93732128647876	2
75.93733799355098	0
75.93735470062506	0
75.93737140770098	0
75.9373881147787	0
75.9374048218583	0
75.93742152893972	0
75.93743823602298	0
75.93745494310806	0
75.937471650195	1
75.93748835728378	0
75.93750506437436	0
75.93752177146682	1
75.93753847856112	0
75.93755518565722	0
75.9375718927552	0
75.937588599855	2
75.93760530695662	1
75.93762201406008	0
75.9376387211654	0
75.93765542827254	0
75.93767213538154	0
75.93768884249236	0
75.93770554960502	0
75.93772225671952	0
75.93773896383588	0
75.93775567095404	0
75.93777237807404	0
75.9377890851959	0
75.9378057923196	0
75.93782249944512	0
75.9378392065725	0
75.9378559137017	0
75.93787262083272	0
75.93788932796562	0
75.93790603510034	0
75.93792274223688	0
75.93793944937528	0
75.93795615651552	0
75.93797286365756	0
75.93798957080148	0
75.93800627794722	0
75.9380229850948	0
75.93803969224422	0
75.9380563993955	0
75.93807310654858	0
75.93808981370352	0
75.9381065208603	0
75.9381232280189	1
75.93813993517934	0
75.93815664234162	0
75.93817334950576	0
75.9381900566717	0
75.9382067638395	0
75.93822347100916	0
75.93824017818062	0
75.93825688535394	0
75.9382735925291	0
75.93829029970608	0
75.9383070068849	0
75.93832371406556	0
75.93834042124806	0
75.9383571284324	1
75.93837383561858	0
75.9383905428066	0
75.93840724999644	0
75.93842395718814	0
75.93844066438166	1
75.93845737157704	0
75.93847407877424	0
75.9384907859733	0
75.93850749317416	0
75.93852420037688	0
75.93854090758144	0
75.93855761478784	0
75.93857432199606	0
75.93859102920614	1
75.93860773641804	1
75.93862444363178	0
75.93864115084738	0
75.9386578580648	0
75.93867456528406	0
75.93869127250516	1
75.93870797972808	0
75.93872468695286	0
75.93874139417946	1
75.9387581014079	0
75.9387748086382	0
75.93879151587032	0
75.9388082231043	1
75.93882493034008	0
75.93884163757772	0
75.93885834481722	0
75.93887505205852	0
75.93889175930168	0
75.93890846654666	1
75.93892517379348	0
75.93894188104214	0
75.93895858829266	0
75.93897529554498	0
75.93899200279918	0
75.9390087100552	0
75.93902541731304	0
75.93904212457272	0
75.93905883183426	0
75.93907553909762	0
75.93909224636284	0
75.93910895362988	0
75.93912566089876	0
75.93914236816948	0
75.93915907544204	0
75.93917578271644	0
75.93919248999266	0
75.93920919727074	0
75.93922590455066	0
75.93924261183238	0
75.93925931911598	1
75.9392760264014	0
75.93929273368866	0
75.93930944097776	0
75.93932614826872	1
75.93934285556146	0
75.93935956285608	0
75.93937627015254	0
75.93939297745082	0
75.93940968475094	0
75.93942639205292	0
75.9394430993567	0
75.93945980666234	0
75.93947651396982	0
75.93949322127914	1
75.93950992859028	0
75.93952663590328	0
75.93954334321812	1
75.93956005053478	0
75.9395767578533	0
75.93959346517364	0
75.9396101724958	0
75.93962687981984	0
75.93964358714568	1
75.93966029447338	0
75.93967700180292	1
75.93969370913428	0
75.93971041646748	1
75.93972712380254	0
75.93974383113942	0
75.93976053847814	0
75.9397772458187	0
75.9397939531611	1
75.93981066050532	0
75.9398273678514	1
75.9398440751993	0
75.93986078254906	0
75.93987748990062	1
75.93989419725406	0
75.93991090460932	0
75.93992761196642	0
75.93994431932536	0
75.93996102668614	0
75.93997773404874	1
75.9399944414132	0
75.9400111487795	0
75.94002785614762	1
75.94004456351758	0
75.9400612708894	1
75.94007797826302	1
75.9400946856385	0
75.94011139301582	3
75.94012810039496	0
75.94014480777596	0
75.9401615151588	0
75.94017822254346	0
75.94019492992996	1
75.94021163731832	1
75.9402283447085	0
75.94024505210052	0
75.94026175949436	1
75.94027846689006	2
75.94029517428758	1
75.94031188168698	0
75.94032858908818	0
75.94034529649122	1
75.9403620038961	1
75.94037871130284	0
75.94039541871138	2
75.9404121261218	0
75.94042883353402	3
75.94044554094808	2
75.940462248364	1
75.94047895578176	2
75.94049566320134	0
75.94051237062276	0
75.94052907804604	1
75.94054578547114	0
75.94056249289808	1
75.94057920032684	1
75.94059590775748	2
75.94061261518992	2
75.9406293226242	1
75.94064603006034	1
75.9406627374983	3
75.9406794449381	1
75.94069615237974	1
75.94071285982322	0
75.94072956726854	1
75.9407462747157	4
75.94076298216468	1
75.94077968961552	1
75.94079639706818	2
75.9408131045227	4
75.94082981197904	1
75.94084651943722	7
75.94086322689724	2
75.9408799343591	1
75.9408966418228	2
75.94091334928834	4
75.9409300567557	3
75.9409467642249	4
75.94096347169598	11
75.94098017916884	8
75.94099688664356	6
75.94101359412014	22
75.94103030159852	12
75.94104700907876	28
75.94106371656086	47
75.94108042404474	45
75.9410971315305	59
75.9411138390181	84
75.94113054650752	100
75.94114725399878	121
75.94116396149188	131
75.94118066898682	150
75.9411973764836	149
75.94121408398222	167
75.94123079148268	140
75.94124749898496	130
75.9412642064891	113
75.94128091399506	80
75.94129762150286	84
75.9413143290125	72
75.941331036524	51
75.9413477440373	46
75.94136445155246	29
75.94138115906946	26
75.9413978665883	12
75.94141457410896	18
75.94143128163148	16
75.9414479891558	8
75.941464696682	8
75.94148140421002	5
75.94149811173988	6
75.94151481927158	3
75.94153152680512	6
75.94154823434048	9
75.9415649418777	3
75.94158164941676	5
75.94159835695764	6
75.94161506450036	3
75.94163177204492	4
75.94164847959132	0
75.94166518713956	1
75.94168189468964	1
75.94169860224156	0
75.9417153097953	1
75.9417320173509	3
75.94174872490832	1
75.94176543246758	0
75.94178214002868	1
75.94179884759164	2
75.9418155551564	0
75.94183226272304	2
75.94184897029148	1
75.94186567786176	1
75.9418823854339	0
75.94189909300788	1
75.9419158005837	0
75.94193250816132	0
75.94194921574082	2
75.94196592332214	0
75.94198263090528	0
75.94199933849028	0
75.94201604607712	1
75.94203275366578	0
75.9420494612563	1
75.94206616884864	0
75.94208287644282	1
75.94209958403884	1
75.94211629163672	1
75.9421329992364	0
75.94214970683794	0
75.94216641444132	0
75.94218312204652	0
75.94219982965358	0
75.94221653726248	0
75.94223324487318	0
75.94224995248576	0
75.94226666010016	1
75.9422833677164	0
75.94230007533448	0
75.9423167829544	0
75.94233349057616	0
75.94235019819974	0
75.94236690582518	0
75.94238361345244	0
75.94240032108154	0
75.94241702871248	0
75.94243373634528	0
75.94245044397988	0
75.94246715161634	1
75.94248385925464	0
75.94250056689476	0
75.94251727453674	0
75.94253398218054	0
75.94255068982618	0
75.94256739747368	0
75.942584105123	0
75.94260081277414	0
75.94261752042714	0
75.942634228082	0
75.94265093573866	1
75.94266764339716	0
75.94268435105752	0
75.94270105871972	0
75.94271776638372	0
75.9427344740496	0
75.94275118171728	1
75.94276788938682	0
75.9427845970582	1
75.94280130473142	0
75.94281801240646	0
75.94283472008336	0
75.94285142776208	0
75.94286813544264	0
75.94288484312504	0
75.9429015508093	1
75.94291825849536	0
75.94293496618328	1
75.94295167387304	0
75.94296838156464	0
75.94298508925806	0
75.94300179695334	0
75.94301850465044	0
75.94303521234938	0
75.94305192005018	0
75.94306862775278	1
75.94308533545724	0
75.94310204316354	0
75.94311875087168	1
75.94313545858164	0
75.94315216629344	0
75.9431688740071	1
75.94318558172258	0
75.9432022894399	0
75.94321899715906	0
75.94323570488006	0
75.9432524126029	0
75.94326912032758	0
75.94328582805408	0
75.94330253578242	0
75.94331924351262	0
75.94333595124466	0
75.9433526589785	0
75.94336936671422	0
75.94338607445176	0
75.94340278219112	0
75.94341948993234	0
75.9434361976754	0
75.94345290542028	0
75.94346961316702	0
75.94348632091558	0
75.94350302866598	0
75.94351973641822	0
75.94353644417232	0
75.94355315192822	1
75.94356985968598	1
75.94358656744558	1
75.943603275207	0
75.94361998297028	0
75.94363669073538	0
75.94365339850234	0
75.9436701062711	0
75.94368681404174	0
75.9437035218142	0
75.94372022958848	0
75.94373693736462	0
75.9437536451426	1
75.9437703529224	0
75.94378706070406	0
75.94380376848754	0
75.94382047627286	0
75.94383718406002	0
75.94385389184904	1
75.94387059963986	1
75.94388730743254	1
75.94390401522706	0
75.9439207230234	0
75.94393743082158	0
75.94395413862162	0
75.94397084642348	0
75.94398755422718	0
75.94400426203272	0
75.94402096984012	1
75.94403767764932	1
75.94405438546038	0
75.94407109327328	0
75.944087801088	0
75.94410450890456	0
75.94412121672298	0
75.9441379245432	1
75.94415463236528	0
75.94417134018922	1
75.94418804801496	0
75.94420475584256	1
75.944221463672	0
75.94423817150326	0
75.94425487933638	0
75.94427158717132	0
75.9442882950081	0
75.94430500284672	0
75.9443217106872	2
75.94433841852948	0
75.94435512637362	0
75.9443718342196	2
75.94438854206742	0
75.94440524991706	0
75.94442195776854	0
75.94443866562188	2
75.94445537347704	1
75.94447208133404	0
75.94448878919288	0
75.94450549705354	0
75.94452220491606	0
75.94453891278042	1
75.9445556206466	0
75.94457232851462	1
75.9445890363845	1
75.9446057442562	1
75.94462245212974	2
75.94463916000512	1
75.94465586788234	1
75.9446725757614	0
75.9446892836423	1
75.94470599152504	0
75.94472269940958	0
75.944739407296	2
75.94475611518426	0
75.94477282307432	0
75.94478953096626	0
75.94480623886002	1
75.9448229467556	0
75.94483965465302	1
75.9448563625523	0
75.94487307045342	2
75.94488977835636	1
75.94490648626116	0
75.94492319416776	0
75.94493990207624	0
75.94495660998654	1
75.94497331789866	3
75.94499002581264	0
75.94500673372846	0
75.94502344164612	1
75.9450401495656	0
75.94505685748692	0
75.94507356541008	1
75.94509027333508	0
75.94510698126194	4
75.94512368919062	0
75.94514039712112	1
75.94515710505348	0
75.94517381298768	2
75.9451905209237	1
75.94520722886156	1
75.94522393680128	1
75.94524064474282	2
75.94525735268618	3
75.94527406063142	2
75.94529076857846	0
75.94530747652736	2
75.9453241844781	0
75.94534089243066	0
75.94535760038508	2
75.94537430834132	0
75.94539101629942	1
75.94540772425934	2
75.9454244322211	1
75.94544114018468	3
75.94545784815012	4
75.9454745561174	1
75.9454912640865	1
75.94550797205744	2
75.94552468003024	3
75.94554138800488	2
75.94555809598132	4
75.94557480395964	3
75.94559151193978	5
75.94560821992174	4
75.94562492790556	2
75.94564163589122	2
75.9456583438787	6
75.94567505186802	4
75.9456917598592	3
75.9457084678522	6
75.94572517584704	5
75.94574188384372	5
75.94575859184224	6
75.94577529984258	6
75.94579200784478	7
75.94580871584882	6
75.94582542385468	10
75.94584213186238	6
75.94585883987194	13
75.9458755478833	11
75.94589225589652	12
75.9459089639116	24
75.94592567192848	14
75.94594237994722	12
75.9459590879678	16
75.9459757959902	26
75.94599250401444	16
75.94600921204054	22
75.94602592006846	27
75.94604262809822	25
75.94605933612982	28
75.94607604416326	45
75.94609275219852	41
75.94610946023564	69
75.9461261682746	78
75.94614287631536	100
75.946159584358	146
75.94617629240248	189
75.94619300044876	258
75.94620970849692	289
75.9462264165469	435
75.9462431245987	475
75.94625983265234	556
75.94627654070784	689
75.94629324876516	766
75.94630995682434	775
75.94632666488536	737
75.94634337294818	761
75.94636008101288	707
75.94637678907938	584
75.94639349714774	531
75.94641020521794	417
75.94642691328998	343
75.94644362136384	278
75.94646032943956	210
75.94647703751708	170
75.94649374559648	149
75.9465104536777	110
75.94652716176076	97
75.94654386984566	86
75.94656057793238	50
75.94657728602096	48
75.94659399411138	32
75.94661070220362	50
75.94662741029772	30
75.94664411839364	32
75.94666082649138	22
75.946677534591	26
75.94669424269244	21
75.9467109507957	16
75.94672765890082	13
75.94674436700778	13
75.94676107511658	24
75.94677778322718	10
75.94679449133966	19
75.94681119945396	10
75.9468279075701	12
75.94684461568808	5
75.9468613238079	4
75.94687803192954	8
75.94689474005304	5
75.94691144817838	4
75.94692815630554	3
75.94694486443454	5
75.9469615725654	6
75.94697828069806	8
75.9469949888326	3
75.94701169696894	4
75.94702840510714	3
75.94704511324718	5
75.94706182138904	1
75.94707852953276	2
75.9470952376783	4
75.94711194582568	1
75.94712865397492	5
75.94714536212598	3
75.94716207027886	2
75.94717877843362	3
75.94719548659018	1
75.9472121947486	4
75.94722890290886	1
75.94724561107094	3
75.94726231923486	1
75.94727902740064	0
75.94729573556822	1
75.94731244373766	1
75.94732915190894	3
75.94734586008204	0
75.94736256825702	1
75.9473792764338	3
75.94739598461242	0
75.94741269279288	1
75.9474294009752	1
75.94744610915934	0
75.94746281734532	1
75.94747952553314	3
75.9474962337228	1
75.94751294191428	0
75.94752965010762	0
75.9475463583028	0
75.94756306649978	0
75.94757977469864	0
75.94759648289934	0
75.94761319110184	0
75.9476298993062	0
75.9476466075124	0
75.94766331572042	2
75.9476800239303	1
75.94769673214202	1
75.94771344035556	0
75.94773014857094	0
75.94774685678818	0
75.94776356500722	0
75.94778027322814	0
75.94779698145086	0
75.94781368967546	1
75.94783039790186	2
75.94784710613012	0
75.9478638143602	0
75.94788052259212	0
75.9478972308259	0
75.9479139390615	0
75.94793064729894	0
75.9479473555382	1
75.94796406377934	0
75.94798077202228	1
75.94799748026708	1
75.94801418851372	1
75.94803089676216	0
75.94804760501248	0
75.94806431326462	0
75.9480810215186	0
75.94809772977442	0
75.94811443803208	0
75.94813114629158	0
75.9481478545529	0
75.94816456281608	0
75.9481812710811	0
75.94819797934792	1
75.94821468761662	0
75.94823139588716	0
75.9482481041595	0
75.9482648124337	0
75.94828152070974	0
75.9482982289876	0
75.94831493726732	0
75.94833164554888	0
75.94834835383224	0
75.94836506211748	1
75.94838177040454	1
75.94839847869344	0
75.94841518698418	0
75.94843189527676	0
75.94844860357118	0
75.94846531186742	0
75.94848202016552	0
75.94849872846546	1
75.94851543676722	0
75.94853214507082	0
75.94854885337628	0
75.94856556168352	0
75.94858226999266	0
75.94859897830362	0
75.9486156866164	0
75.94863239493102	0
75.9486491032475	0
75.9486658115658	0
75.94868251988596	1
75.94869922820794	0
75.94871593653176	0
75.94873264485742	0
75.94874935318492	0
75.94876606151424	0
75.94878276984542	0
75.94879947817844	0
75.94881618651328	0
75.94883289484996	0
75.94884960318848	0
75.94886631152886	1
75.94888301987104	0
75.94889972821508	0
75.94891643656096	0
75.94893314490866	0
75.94894985325822	0
75.94896656160962	0
75.94898326996282	0
75.9489999783179	0
75.94901668667482	1
75.94903339503354	0
75.94905010339412	0
75.94906681175654	0
75.94908352012078	0
75.94910022848688	1
75.94911693685482	1
75.94913364522456	0
75.94915035359618	1
75.94916706196964	0
75.94918377034492	0
75.94920047872202	0
75.94921718710098	0
75.94923389548178	1
75.9492506038644	0
75.94926731224888	0
75.9492840206352	0
75.94930072902334	0
75.94931743741332	0
75.94933414580514	0
75.9493508541988	0
75.9493675625943	1
75.94938427099164	0
75.9494009793908	0
75.94941768779182	0
75.94943439619466	0
75.94945110459936	0
75.94946781300588	0
75.94948452141426	0
75.94950122982444	0
75.94951793823648	0
75.94953464665036	0
75.94955135506608	1
75.94956806348362	0
75.94958477190302	0
75.94960148032426	0
75.9496181887473	0
75.9496348971722	0
75.94965160559896	0
75.94966831402752	0
75.94968502245794	0
75.9497017308902	0
75.9497184393243	0
75.94973514776022	0
75.949751856198	0
75.9497685646376	1
75.94978527307904	0
75.94980198152234	0
75.94981868996744	0
75.94983539841442	0
75.9498521068632	0
75.94986881531384	0
75.9498855237663	1
75.94990223222062	0
75.94991894067678	0
75.94993564913474	0
75.94995235759458	0
75.94996906605624	0
75.94998577451972	0
75.95000248298508	0
75.95001919145224	0
75.95003589992126	0
75.9500526083921	0
75.9500693168648	1
75.95008602533932	0
75.95010273381568	0
75.95011944229388	0
75.95013615077392	0
75.9501528592558	0
75.95016956773952	0
75.95018627622506	0
75.95020298471246	0
75.9502196932017	0
75.95023640169276	1
75.95025311018566	1
75.95026981868042	0
75.95028652717698	0
75.9503032356754	0
75.95031994417566	0
75.95033665267776	0
75.95035336118168	0
75.95037006968746	0
75.95038677819508	0
75.9504034867045	0
75.95042019521578	0
75.95043690372892	0
75.95045361224386	0
75.95047032076068	0
75.9504870292793	0
75.95050373779976	0
75.9505204463221	0
75.95053715484624	0
75.95055386337224	0
75.95057057190004	0
75.95058728042972	0
75.95060398896122	0
75.95062069749454	0
75.95063740602974	0
75.95065411456676	0
75.95067082310558	0
75.95068753164628	0
75.95070424018882	1
75.95072094873316	0
75.95073765727938	0
75.95075436582742	1
75.9507710743773	0
75.95078778292902	0
75.95080449148258	1
75.95082120003796	0
75.9508379085952	0
75.95085461715426	0
75.95087132571516	0
75.95088803427792	0
75.9509047428425	0
75.95092145140892	0
75.95093815997716	0
75.95095486854726	0
75.9509715771192	0
75.95098828569296	0
75.95100499426858	0
75.95102170284602	0
75.9510384114253	0
75.95105512000644	0
75.9510718285894	0
75.9510885371742	0
75.95110524576084	0
75.9511219543493	0
75.9511386629396	1
75.95115537153176	0
75.95117208012574	0
75.95118878872158	0
75.95120549731924	0
75.95122220591874	0
75.9512389145201	0
75.95125562312326	0
75.95127233172828	0
75.95128904033514	0
75.95130574894382	0
75.95132245755434	0
75.95133916616672	0
75.9513558747809	0
75.95137258339696	0
75.95138929201484	0
75.95140600063456	0
75.95142270925612	0
75.95143941787952	2
75.95145612650472	0
75.9514728351318	0
75.95148954376072	0
75.95150625239146	0
75.95152296102404	0
75.95153966965846	1
75.95155637829472	0
75.95157308693282	0
75.95158979557276	0
75.95160650421452	0
75.95162321285812	0
75.95163992150358	0
75.95165663015088	0
75.9516733388	0
75.95169004745096	1
75.95170675610376	0
75.9517234647584	1
75.95174017341486	0
75.95175688207318	0
75.95177359073332	0
75.95179029939532	0
75.95180700805916	0
75.9518237167248	0
75.95184042539232	0
75.95185713406166	0
75.95187384273282	0
75.95189055140584	0
75.9519072600807	0
75.9519239687574	1
75.95194067743594	0
75.9519573861163	0
75.9519740947985	0
75.95199080348254	0
75.95200751216842	0
75.95202422085616	0
75.9520409295457	0
75.9520576382371	0
75.95207434693034	0
75.9520910556254	0
75.95210776432232	0
75.95212447302106	0
75.95214118172164	0
75.95215789042406	0
75.95217459912834	0
75.95219130783442	0
75.95220801654236	0
75.95222472525214	0
75.95224143396374	0
75.95225814267718	0
75.95227485139248	0
75.95229156010962	0
75.95230826882856	0
75.95232497754938	0
75.95234168627202	0
75.95235839499648	0
75.9523751037228	0
75.95239181245096	0
75.95240852118094	0
75.95242522991276	0
75.95244193864644	0
75.95245864738194	0
75.95247535611928	0
75.95249206485846	0
75.95250877359946	0
75.95252548234232	0
75.95254219108704	0
75.95255889983356	0
75.95257560858192	0
75.95259231733214	0
75.9526090260842	1
75.95262573483806	0
75.95264244359378	0
75.95265915235134	1
75.95267586111074	0
75.95269256987198	0
75.95270927863504	0
75.95272598739994	0
75.9527426961667	0
75.9527594049353	0
75.9527761137057	0
75.95279282247798	0
75.95280953125208	0
75.952826240028	0
75.95284294880578	1
75.9528596575854	0
75.95287636636684	0
75.95289307515014	0
75.95290978393526	0
75.95292649272222	0
75.95294320151102	0
75.95295991030168	0
75.95297661909414	0
75.95299332788846	0
75.95301003668462	0
75.95302674548262	0
75.95304345428244	0
75.9530601630841	0
75.95307687188762	0
75.95309358069296	0
75.95311028950014	0
75.95312699830916	0
75.95314370712002	0
75.9531604159327	0
75.95317712474724	0
75.9531938335636	0
75.95321054238182	0
75.95322725120188	0
75.95324396002374	0
75.95326066884746	0
75.95327737767304	0
75.95329408650042	0
75.95331079532966	0
75.95332750416074	0
75.95334421299364	0
75.9533609218284	0
75.95337763066498	0
75.9533943395034	0
75.95341104834366	0
75.95342775718576	0
75.95344446602972	0
75.95346117487548	0
75.9534778837231	0
75.95349459257256	0
75.95351130142384	0
75.95352801027698	0
75.95354471913194	0
75.95356142798874	0
75.95357813684738	0
75.95359484570786	0
75.95361155457016	0
75.95362826343434	0
75.95364497230032	0
75.95366168116816	1
75.95367839003782	0
75.95369509890932	0
75.95371180778268	0
75.95372851665786	1
75.95374522553488	0
75.95376193441374	0
75.95377864329444	0
75.95379535217696	0
75.95381206106134	0
75.95382876994754	0
75.9538454788356	0
75.95386218772548	0
75.95387889661718	0
75.95389560551076	0
75.95391231440616	0
75.9539290233034	0
75.95394573220248	0
75.9539624411034	0
75.95397915000612	0
75.95399585891072	0
75.95401256781714	0
75.95402927672542	0
75.9540459856355	0
75.95406269454746	0
75.95407940346124	0
75.95409611237684	0
75.9541128212943	0
75.9541295302136	0
75.95414623913472	0
75.9541629480577	0
75.9541796569825	0
75.95419636590914	0
75.95421307483762	0
75.95422978376794	0
75.95424649270008	0
75.95426320163408	0
75.95427991056992	0
75.95429661950758	0
75.9543133284471	0
75.95433003738844	0
75.95434674633162	0
75.95436345527664	0
75.95438016422352	0
75.9543968731722	0
75.95441358212274	0
75.95443029107512	0
75.95444700002932	0
75.95446370898536	0
75.95448041794324	0
75.95449712690298	0
75.95451383586454	0
75.95453054482794	0
75.95454725379318	0
75.95456396276026	0
75.95458067172916	0
75.95459738069992	0
75.9546140896725	0
75.95463079864694	0
75.95464750762322	0
75.9546642166013	0
75.95468092558124	0
75.95469763456302	0
75.95471434354664	0
75.9547310525321	0
75.9547477615194	0
75.95476447050852	0
75.95478117949948	0
75.9547978884923	0
75.95481459748694	0
75.95483130648342	0
75.95484801548174	0
75.9548647244819	0
75.95488143348388	0
75.95489814248772	0
75.9549148514934	0
75.9549315605009	0
75.95494826951026	0
75.95496497852144	0
75.95498168753446	0
75.95499839654932	0
75.95501510556602	0
75.95503181458456	0
75.95504852360494	0
75.95506523262714	0
75.9550819416512	0
75.95509865067708	0
75.95511535970482	1
75.95513206873438	0
75.95514877776576	0
75.955165486799	0
75.95518219583408	0
75.955198904871	0
75.95521561390976	0
75.95523232295036	1
75.95524903199276	0
75.95526574103704	0
75.95528245008316	0
75.95529915913108	0
75.95531586818086	0
75.95533257723248	0
75.95534928628594	0
75.95536599534124	0
75.95538270439836	0
75.95539941345734	1
75.95541612251814	1
75.9554328315808	0
75.95544954064528	0
75.9554662497116	0
75.95548295877976	0
75.95549966784976	0
75.95551637692158	0
75.95553308599526	0
75.95554979507078	0
75.95556650414812	1
75.9555832132273	0
75.95559992230832	0
75.95561663139118	0
75.95563334047588	0
75.95565004956242	0
75.9556667586508	0
75.95568346774102	0
75.95570017683306	0
75.95571688592696	0
75.95573359502268	0
75.95575030412024	0
75.95576701321966	0
75.9557837223209	0
75.95580043142398	1
75.95581714052888	0
75.95583384963562	0
75.95585055874424	0
75.95586726785466	0
75.95588397696692	0
75.95590068608102	0
75.95591739519698	0
75.95593410431476	0
75.95595081343438	0
75.95596752255584	0
75.95598423167912	0
75.95600094080426	0
75.95601764993124	0
75.95603435906004	0
75.9560510681907	0
75.95606777732318	0
75.9560844864575	0
75.95610119559366	0
75.95611790473166	0
75.9561346138715	0
75.95615132301316	0
75.95616803215668	0
75.95618474130202	0
75.9562014504492	0
75.95621815959824	0
75.95623486874912	0
75.9562515779018	0
75.95626828705634	0
75.95628499621272	0
75.95630170537092	0
75.95631841453098	0
75.95633512369288	0
75.9563518328566	0
75.95636854202216	0
75.95638525118958	0
75.9564019603588	0
75.95641866952988	0
75.95643537870282	0
75.95645208787758	0
75.95646879705416	0
75.9564855062326	0
75.95650221541288	0
75.95651892459496	0
75.95653563377892	0
75.9565523429647	0
75.9565690521523	0
75.95658576134178	0
75.95660247053308	0
75.9566191797262	0
75.95663588892118	0
75.95665259811798	0
75.95666930731664	0
75.95668601651712	0
75.95670272571944	0
75.9567194349236	0
75.9567361441296	0
75.95675285333744	0
75.95676956254712	0
75.95678627175862	0
75.95680298097198	0
75.95681969018718	0
75.95683639940418	0
75.95685310862306	0
75.95686981784378	0
75.9568865270663	0
75.95690323629068	0
75.9569199455169	0
75.95693665474494	0
75.95695336397484	0
75.95697007320658	0
75.95698678244014	0
75.95700349167554	0
75.9570202009128	0
75.95703691015186	0
75.95705361939278	0
75.95707032863554	0
75.95708703788014	0
75.95710374712658	0
75.95712045637484	0
75.95713716562496	0
75.9571538748769	0
75.95717058413068	0
75.9571872933863	0
75.95720400264376	0
75.95722071190306	1
75.9572374211642	0
75.95725413042716	0
75.95727083969198	0
75.95728754895864	0
75.95730425822712	0
75.95732096749744	0
75.9573376767696	0
75.9573543860436	0
75.95737109531944	0
75.95738780459712	0
75.95740451387664	0
75.95742122315798	0
75.95743793244118	0
75.9574546417262	0
75.95747135101306	0
75.95748806030178	0
75.95750476959232	0
75.9575214788847	0
75.9575381881789	0
75.95755489747496	0
75.95757160677286	0
75.9575883160726	0
75.95760502537416	0
75.95762173467756	0
75.9576384439828	0
75.9576551532899	0
75.9576718625988	0
75.95768857190956	0
75.95770528122216	0
75.95772199053658	0
75.95773869985288	0
75.957755409171	0
75.95777211849092	0
75.95778882781272	0
75.95780553713634	0
75.9578222464618	0
75.9578389557891	0
75.95785566511824	0
75.95787237444922	0
75.95788908378202	0
75.95790579311668	0
75.95792250245316	1
75.95793921179148	0
75.95795592113164	0
75.95797263047366	0
75.9579893398175	0
75.95800604916316	0
75.95802275851068	0
75.95803946786004	0
75.95805617721122	0
75.95807288656426	0
75.95808959591912	0
75.95810630527582	0
75.95812301463438	0
75.95813972399476	1
75.95815643335696	0
75.95817314272102	0
75.95818985208692	0
75.95820656145466	0
75.95822327082422	0
75.95823998019564	0
75.95825668956888	0
75.95827339894396	0
75.95829010832088	0
75.95830681769964	0
75.95832352708024	0
75.95834023646268	0
75.95835694584694	0
75.95837365523306	0
75.95839036462102	0
75.95840707401078	0
75.95842378340242	0
75.95844049279588	0
75.95845720219118	0
75.95847391158832	0
75.9584906209873	0
75.95850733038812	0
75.95852403979076	0
75.95854074919526	0
75.95855745860158	0
75.95857416800974	0
75.95859087741974	0
75.9586075868316	0
75.95862429624526	0
75.95864100566078	0
75.95865771507814	0
75.95867442449732	0
75.95869113391836	0
75.95870784334124	0
75.95872455276594	1
75.95874126219248	0
75.95875797162086	0
75.95877468105108	0
75.95879139048314	0
75.95880809991704	0
75.95882480935276	0
75.95884151879034	0
75.95885822822974	0
75.958874937671	0
75.95889164711408	0
75.958908356559	0
75.95892506600576	0
75.95894177545436	0
75.9589584849048	1
75.95897519435708	0
75.95899190381118	0
75.95900861326714	0
75.95902532272494	0
75.95904203218454	0
75.959058741646	0
75.95907545110932	0
75.95909216057444	0
75.95910887004142	0
75.95912557951024	0
75.9591422889809	0
75.95915899845338	0
75.95917570792772	0
75.95919241740388	0
75.95920912688188	0
75.95922583636172	0
75.95924254584342	0
75.95925925532692	0
75.95927596481228	0
75.95929267429948	0
75.9593093837885	0
75.95932609327938	0
75.95934280277208	0
75.95935951226662	0
75.95937622176302	0
75.95939293126124	0
75.95940964076128	0
75.9594263502632	0
75.95944305976694	0
75.95945976927248	0
75.95947647877992	0
75.95949318828916	0
75.95950989780026	0
75.95952660731318	0
75.95954331682794	0
75.95956002634454	0
75.95957673586296	0
75.95959344538324	0
75.95961015490536	0
75.9596268644293	0
75.9596435739551	0
75.95966028348272	0
75.95967699301218	0
75.9596937025435	0
75.95971041207664	0
75.9597271216116	0
75.95974383114842	0
75.9597605406871	0
75.95977725022756	0
75.9597939597699	0
75.95981066931408	0
75.95982737886008	0
75.95984408840792	0
75.9598607979576	0
75.95987750750912	0
75.95989421706248	0
75.95991092661768	0
75.95992763617472	0
75.95994434573356	0
75.9599610552943	0
75.95997776485684	0
75.95999447442122	0
75.96001118398744	0
75.96002789355552	0
75.96004460312538	0
75.96006131269712	0
75.96007802227072	0
75.96009473184612	0
75.96011144142336	0
75.96012815100246	0
75.96014486058338	0
75.96016157016614	0
75.96017827975074	0
75.96019498933718	0
75.96021169892546	0
75.96022840851558	0
75.96024511810752	0
75.9602618277013	1
75.96027853729694	0
75.96029524689442	0
75.96031195649372	0
75.96032866609486	0
75.96034537569784	0
75.96036208530266	0
75.9603787949093	0
75.96039550451782	0
75.96041221412814	0
75.9604289237403	0
75.96044563335432	0
75.96046234297016	0
75.96047905258784	0
75.96049576220736	1
75.96051247182872	1
75.9605291814519	0
75.96054589107696	0
75.96056260070382	1
75.96057931033252	1
75.96059601996308	0
75.96061272959548	0
75.96062943922968	0
75.96064614886576	0
75.96066285850366	0
75.96067956814338	0
75.96069627778496	0
75.96071298742838	0
75.96072969707362	0
75.9607464067207	0
75.96076311636964	0
75.9607798260204	0
75.960796535673	0
75.96081324532744	0
75.96082995498372	0
75.96084666464184	0
75.9608633743018	0
75.96088008396358	0
75.96089679362722	0
75.9609135032927	0
75.96093021296	0
75.96094692262912	0
75.96096363230012	0
75.96098034197294	0
75.96099705164758	0
75.96101376132408	0
75.96103047100242	0
75.96104718068258	0
75.96106389036458	0
75.96108060004846	0
75.96109730973412	0
75.96111401942164	0
75.96113072911102	0
75.9611474388022	0
75.96116414849524	0
75.96118085819012	0
75.96119756788682	0
75.96121427758538	0
75.96123098728576	0
75.96124769698798	0
75.96126440669204	0
75.96128111639794	1
75.9612978261057	0
75.96131453581526	0
75.96133124552668	0
75.96134795523994	0
75.96136466495502	1
75.96138137467194	1
75.96139808439072	1
75.96141479411132	0
75.96143150383376	0
75.96144821355804	0
75.96146492328414	0
75.9614816330121	0
75.9614983427419	0
75.96151505247354	0
75.961531762207	0
75.96154847194232	0
75.96156518167946	0
75.96158189141844	0
75.96159860115926	0
75.96161531090192	0
75.96163202064642	0
75.96164873039274	0
75.96166544014092	0
75.96168214989092	0
75.96169885964278	0
75.96171556939646	0
75.96173227915198	0
75.96174898890934	0
75.96176569866854	0
75.96178240842958	0
75.96179911819246	0
75.96181582795718	0
75.96183253772372	0
75.9618492474921	0
75.96186595726234	0
75.9618826670344	0
75.9618993768083	0
75.96191608658404	0
75.96193279636162	0
75.96194950614102	0
75.9619662159223	0
75.96198292570538	0
75.9619996354903	0
75.96201634527706	0
75.96203305506568	0
75.9620497648561	0
75.9620664746484	0
75.96208318444252	0
75.96209989423846	0
75.96211660403628	0
75.96213331383592	0
75.96215002363736	0
75.96216673344068	0
75.96218344324582	0
75.9622001530528	0
75.96221686286162	0
75.9622335726723	0
75.96225028248478	0
75.96226699229912	0
75.9622837021153	0
75.96230041193332	0
75.96231712175314	0
75.96233383157484	0
75.96235054139838	0
75.96236725122372	0
75.96238396105092	0
75.96240067087998	0
75.96241738071084	0
75.96243409054356	0
75.96245080037812	0
75.96246751021448	0
75.96248422005272	0
75.96250092989278	0
75.96251763973468	0
75.96253434957844	0
75.96255105942402	0
75.96256776927142	0
75.96258447912068	0
75.96260118897178	0
75.96261789882472	0
75.96263460867948	0
75.96265131853608	0
75.96266802839454	0
75.9626847382548	0
75.96270144811694	0
75.9627181579809	0
75.96273486784668	0
75.96275157771432	0
75.96276828758378	0
75.9627849974551	0
75.96280170732824	0
75.96281841720322	0
75.96283512708004	0
75.96285183695872	0
75.9628685468392	0
75.96288525672154	0
75.96290196660572	0
75.96291867649174	0
75.96293538637958	0
75.96295209626926	0
75.9629688061608	0
75.96298551605416	0
75.96300222594936	0
75.9630189358464	0
75.96303564574528	0
75.96305235564598	0
75.96306906554854	0
75.96308577545294	0
75.96310248535916	0
75.96311919526724	0
75.96313590517714	0
75.96315261508888	0
75.96316932500246	0
75.96318603491788	0
75.96320274483512	0
75.96321945475422	0
75.96323616467516	0
75.96325287459792	0
75.96326958452254	0
75.96328629444898	0
75.96330300437726	0
75.96331971430738	0
75.96333642423934	0
75.96335313417316	0
75.96336984410878	0
75.96338655404624	0
75.96340326398556	0
75.9634199739267	0
75.9634366838697	0
75.96345339381452	0
75.96347010376118	0
75.96348681370968	0
75.96350352366002	0
75.9635202336122	0
75.9635369435662	0
75.96355365352206	0
75.96357036347974	0
75.96358707343928	0
75.96360378340064	0
75.96362049336384	0
75.96363720332888	0
75.96365391329576	0
75.96367062326448	0
75.96368733323504	0
75.96370404320742	0
75.96372075318166	0
75.96373746315772	1
75.96375417313564	0
75.96377088311538	0
75.96378759309694	0
75.96380430308038	0
75.96382101306564	0
75.96383772305272	0
75.96385443304166	0
75.96387114303242	0
75.96388785302504	0
75.96390456301948	0
75.96392127301578	0
75.96393798301388	0
75.96395469301386	0
75.96397140301566	0
75.96398811301928	0
75.96400482302476	0
75.96402153303208	0
75.96403824304122	0
75.9640549530522	0
75.96407166306504	0
75.9640883730797	0
75.9641050830962	0
75.96412179311454	0
75.96413850313472	0
75.96415521315672	0
75.96417192318058	0
75.96418863320628	0
75.9642053432338	0
75.96422205326316	1
75.96423876329436	0
75.9642554733274	0
75.96427218336228	0
75.964288893399	0
75.96430560343756	0
75.96432231347796	0
75.96433902352018	0
75.96435573356426	0
75.96437244361016	0
75.9643891536579	0
75.9644058637075	0
75.96442257375892	0
75.96443928381218	0
75.96445599386728	0
75.9644727039242	0
75.96448941398298	0
75.96450612404358	0
75.96452283410602	0
75.96453954417032	0
75.96455625423644	0
75.9645729643044	0
75.9645896743742	0
75.96460638444584	0
75.9646230945193	0
75.96463980459464	0
75.96465651467178	0
75.96467322475076	0
75.96468993483158	0
75.96470664491426	0
75.96472335499878	0
75.9647400650851	0
75.96475677517328	0
75.9647734852633	0
75.96479019535514	0
75.96480690544884	0
75.96482361554438	0
75.96484032564174	0
75.96485703574094	0
75.96487374584198	0
75.96489045594486	0
75.96490716604958	0
75.96492387615616	0
75.96494058626454	0
75.96495729637476	0
75.96497400648684	0
75.96499071660074	0
75.96500742671648	0
75.96502413683408	0
75.9650408469535	0
75.96505755707476	0
75.96507426719786	0
75.9650909773228	0
75.96510768744956	0
75.96512439757818	0
75.96514110770864	0
75.9651578178409	0
75.96517452797504	0
75.965191238111	0
75.9652079482488	0
75.96522465838844	0
75.96524136852992	0
75.96525807867324	0
75.96527478881838	0
75.96529149896538	0
75.9653082091142	0
75.96532491926486	0
75.96534162941738	0
75.96535833957172	0
75.96537504972788	0
75.9653917598859	0
75.96540847004578	0
75.96542518020746	0
75.96544189037098	0
75.96545860053638	0
75.96547531070356	0
75.9654920208726	0
75.9655087310435	0
75.9655254412162	0
75.96554215139076	0
75.96555886156718	0
75.9655755717454	0
75.96559228192548	0
75.96560899210738	0
75.96562570229112	0
75.96564241247672	0
75.96565912266414	0
75.9656758328534	0
75.9656925430445	0
75.96570925323744	0
75.96572596343222	0
75.96574267362882	0
75.96575938382728	0
75.96577609402756	0
75.96579280422968	0
75.96580951443364	0
75.96582622463946	0
75.9658429348471	0
75.96585964505658	0
75.9658763552679	0
75.96589306548104	0
75.96590977569604	0
75.96592648591286	0
75.96594319613152	0
75.96595990635204	0
75.96597661657438	0
75.96599332679854	0
75.96601003702458	0
75.96602674725244	0
75.96604345748212	0
75.96606016771366	0
75.96607687794704	0
75.96609358818224	0
75.96611029841928	0
75.96612700865816	0
75.9661437188989	0
75.96616042914144	0
75.96617713938584	0
75.96619384963208	0
75.96621055988014	0
75.96622727013006	0
75.96624398038182	0
75.9662606906354	0
75.96627740089082	0
75.9662941111481	0
75.96631082140718	0
75.96632753166812	0
75.9663442419309	0
75.9663609521955	0
75.96637766246196	0
75.96639437273026	0
75.96641108300038	0
75.96642779327236	0
75.96644450354614	0
75.9664612138218	0
75.96647792409928	0
75.9664946343786	0
75.96651134465976	0
75.96652805494274	0
75.96654476522758	0
75.96656147551424	0
75.96657818580274	0
75.96659489609308	0
75.96661160638528	0
75.96662831667928	0
75.96664502697514	0
75.96666173727284	0
75.96667844757236	0
75.96669515787374	0
75.96671186817696	0
75.966728578482	0
75.9667452887889	0
75.9667619990976	0
75.96677870940818	0
75.96679541972056	0
75.9668121300348	0
75.9668288403509	0
75.96684555066878	0
75.96686226098854	0
75.96687897131012	0
75.96689568163356	0
75.96691239195882	0
75.96692910228592	0
75.96694581261486	0
75.96696252294564	0
75.96697923327826	0
75.9669959436127	0
75.96701265394898	0
75.96702936428714	1
75.96704607462708	0
75.9670627849689	0
75.96707949531254	0
75.96709620565802	0
75.96711291600534	0
75.9671296263545	0
75.96714633670548	0
75.96716304705832	0
75.96717975741298	0
75.9671964677695	0
75.96721317812784	1
75.96722988848802	0
75.96724659885004	0
75.9672633092139	0
75.9672800195796	0
75.96729672994714	0
75.9673134403165	0
75.96733015068772	0
75.96734686106076	0
75.96736357143564	0
75.96738028181238	0
75.96739699219094	0
75.96741370257132	0
75.96743041295358	0
75.96744712333766	0
75.96746383372358	0
75.96748054411132	0
75.9674972545009	0
75.96751396489234	0
75.9675306752856	0
75.9675473856807	0
75.96756409607764	0
75.96758080647642	0
75.96759751687704	0
75.9676142272795	0
75.96763093768378	0
75.96764764808992	0
75.96766435849788	0
75.96768106890768	0
75.96769777931932	0
75.96771448973282	0
75.96773120014812	0
75.96774791056528	0
75.96776462098428	0
75.96778133140512	0
75.96779804182778	0
75.9678147522523	0
75.96783146267866	0
75.96784817310682	0
75.96786488353686	0
75.96788159396872	0
75.9678983044024	0
75.96791501483794	0
75.96793172527532	0
75.96794843571452	0
75.96796514615558	0
75.96798185659848	1
75.96799856704318	0
75.96801527748976	0
75.96803198793816	1
75.9680486983884	0
75.96806540884048	0
75.9680821192944	0
75.96809882975014	0
75.96811554020772	0
75.96813225066716	0
75.96814896112844	0
75.96816567159152	0
75.96818238205648	0
75.96819909252326	1
75.96821580299186	0
75.96823251346234	0
75.96824922393462	0
75.96826593440876	0
75.96828264488472	0
75.96829935536254	0
75.96831606584216	0
75.96833277632366	0
75.96834948680698	0
75.96836619729214	0
75.96838290777914	0
75.96839961826798	0
75.96841632875862	0
75.96843303925114	0
75.9684497497455	0
75.96846646024168	0
75.9684831707397	0
75.96849988123958	0
75.96851659174126	0
75.9685333022448	0
75.96855001275018	0
75.9685667232574	0
75.96858343376644	0
75.96860014427734	0
75.96861685479006	0
75.96863356530462	0
75.96865027582102	0
75.96866698633926	0
75.96868369685934	0
75.96870040738126	0
75.96871711790502	0
75.9687338284306	0
75.96875053895804	0
75.9687672494873	0
75.9687839600184	1
75.96880067055136	0
75.96881738108614	0
75.96883409162276	0
75.9688508021612	0
75.9688675127015	0
75.96888422324364	0
75.9689009337876	0
75.96891764433342	0
75.96893435488106	0
75.96895106543054	0
75.96896777598188	0
75.96898448653502	0
75.96900119709002	0
75.96901790764686	0
75.96903461820554	0
75.96905132876604	0
75.9690680393284	0
75.96908474989258	0
75.9691014604586	0
75.96911817102648	0
75.96913488159616	0
75.9691515921677	0
75.96916830274108	0
75.9691850133163	0
75.96920172389336	0
75.96921843447224	0
75.96923514505296	0
75.96925185563554	0
75.96926856621992	0
75.96928527680618	0
75.96930198739426	0
75.96931869798416	0
75.96933540857594	0
75.96935211916954	0
75.96936882976496	0
75.96938554036224	0
75.96940225096134	0
75.96941896156228	0
75.96943567216506	0
75.96945238276968	0
75.96946909337612	0
75.96948580398444	0
75.96950251459458	0
75.96951922520654	0
75.96953593582036	0
75.969552646436	0
75.9695693570535	0
75.9695860676728	0
75.96960277829396	0
75.96961948891696	0
75.9696361995418	0
75.96965291016848	0
75.969669620797	0
75.96968633142734	0
75.96970304205952	0
75.96971975269356	0
75.96973646332942	0
75.96975317396712	0
75.96976988460666	0
75.96978659524802	0
75.96980330589126	0
75.9698200165363	0
75.9698367271832	0
75.96985343783192	0
75.9698701484825	0
75.9698868591349	0
75.96990356978914	0
75.96992028044522	0
75.96993699110314	0
75.9699537017629	1
75.9699704124245	0
75.96998712308794	0
75.97000383375318	0
75.9700205444203	0
75.97003725508926	0
75.97005396576002	0
75.97007067643266	0
75.97008738710712	0
75.97010409778342	0
75.97012080846154	0
75.97013751914152	0
75.97015422982332	0
75.97017094050698	0
75.97018765119246	0
75.97020436187978	1
75.97022107256896	0
75.97023778325996	0
75.9702544939528	0
75.97027120464746	0
75.97028791534398	0
75.97030462604234	0
75.97032133674252	0
75.97033804744454	0
75.97035475814842	0
75.97037146885412	0
75.97038817956166	0
75.97040489027104	0
75.97042160098226	0
75.9704383116953	0
75.97045502241022	0
75.97047173312694	0
75.9704884438455	0
75.97050515456592	0
75.97052186528814	0
75.97053857601224	0
75.97055528673816	0
75.97057199746592	0
75.97058870819552	0
75.97060541892694	0
75.97062212966022	0
75.97063884039532	0
75.97065555113228	0
75.97067226187106	0
75.97068897261168	0
75.97070568335414	0
75.97072239409844	0
75.97073910484458	0
75.97075581559254	0
75.97077252634236	0
75.970789237094	0
75.9708059478475	0
75.97082265860284	0
75.97083936935998	0
75.97085608011898	0
75.97087279087982	0
75.9708895016425	0
75.97090621240702	1
75.97092292317338	0
75.97093963394158	0
75.97095634471158	0
75.97097305548346	0
75.97098976625716	0
75.9710064770327	0
75.9710231878101	0
75.97103989858932	0
75.97105660937036	0
75.97107332015326	0
75.971090030938	0
75.97110674172454	0
75.97112345251296	0
75.9711401633032	0
75.9711568740953	1
75.97117358488922	1
75.97119029568498	0
75.97120700648256	0
75.971223717282	0
75.97124042808328	0
75.9712571388864	0
75.97127384969134	0
75.97129056049812	0
75.97130727130676	0
75.9713239821172	0
75.9713406929295	0
75.97135740374366	0
75.97137411455962	0
75.97139082537744	0
75.9714075361971	0
75.97142424701856	0
75.9714409578419	0
75.97145766866708	0
75.97147437949406	0
75.97149109032292	0
75.9715078011536	0
75.9715245119861	0
75.97154122282046	0
75.97155793365666	0
75.97157464449468	0
75.97159135533454	0
75.97160806617626	0
75.9716247770198	0
75.97164148786518	0
75.9716581987124	0
75.97167490956146	0
75.97169162041234	0
75.9717083312651	0
75.97172504211966	0
75.97174175297606	0
75.97175846383432	0
75.9717751746944	0
75.97179188555632	0
75.97180859642008	0
75.97182530728568	0
75.97184201815312	0
75.9718587290224	0
75.9718754398935	0
75.97189215076644	0
75.97190886164124	0
75.97192557251786	0
75.97194228339634	0
75.97195899427662	0
75.97197570515878	1
75.97199241604276	0
75.97200912692856	0
75.9720258378162	0
75.9720425487057	0
75.97205925959702	0
75.9720759704902	0
75.97209268138522	0
75.97210939228204	0
75.97212610318072	0
75.97214281408124	0
75.97215952498358	0
75.9721762358878	0
75.97219294679384	0
75.97220965770168	0
75.9722263686114	0
75.97224307952294	0
75.97225979043632	0
75.97227650135154	0
75.97229321226862	0
75.97230992318752	0
75.97232663410824	0
75.97234334503082	0
75.97236005595522	0
75.97237676688146	0
75.97239347780956	0
75.97241018873948	0
75.97242689967124	0
75.97244361060484	0
75.97246032154028	0
75.97247703247754	0
75.97249374341666	0
75.97251045435762	0
75.9725271653004	0
75.97254387624504	0
75.9725605871915	0
75.97257729813978	0
75.97259400908994	0
75.97261072004192	0
75.97262743099574	0
75.97264414195138	0
75.97266085290888	0
75.97267756386822	0
75.97269427482938	0
75.97271098579238	0
75.97272769675724	0
75.9727444077239	0
75.97276111869242	0
75.9727778296628	0
75.97279454063496	0
75.972811251609	0
75.97282796258488	0
75.97284467356258	0
75.97286138454214	0
75.97287809552352	0
75.97289480650674	0
75.9729115174918	0
75.9729282284787	0
75.97294493946742	0
75.972961650458	0
75.97297836145042	0
75.97299507244468	0
75.97301178344076	0
75.97302849443868	0
75.97304520543844	0
75.97306191644004	0
75.97307862744348	0
75.97309533844876	0
75.97311204945586	0
75.97312876046482	0
75.97314547147562	0
75.97316218248824	0
75.97317889350272	0
75.97319560451902	0
75.97321231553714	0
75.97322902655714	0
75.97324573757896	0
75.9732624486026	0
75.9732791596281	0
75.97329587065544	0
75.97331258168462	0
75.9733292927156	0
75.97334600374846	0
75.97336271478314	0
75.97337942581964	0
75.97339613685802	0
75.9734128478982	0
75.97342955894024	0
75.97344626998412	0
75.97346298102984	0
75.97347969207736	0
75.97349640312676	0
75.97351311417798	0
75.97352982523104	0
75.97354653628594	0
75.97356324734268	0
75.97357995840126	0
75.97359666946166	0
75.97361338052392	0
75.973630091588	0
75.97364680265392	0
75.9736635137217	0
75.9736802247913	0
75.97369693586274	0
75.97371364693602	0
75.97373035801114	0
75.97374706908808	0
75.97376378016688	0
75.97378049124752	0
75.97379720232996	0
75.97381391341428	0
75.97383062450042	0
75.9738473355884	0
75.97386404667822	0
75.97388075776988	0
75.97389746886336	0
75.9739141799587	0
75.97393089105588	0
75.97394760215488	0
75.97396431325572	0
75.97398102435842	0
75.97399773546292	0
75.9740144465693	0
75.9740311576775	0
75.97404786878752	0
75.9740645798994	0
75.97408129101312	0
75.97409800212866	0
75.97411471324604	0
75.97413142436528	0
75.97414813548634	0
75.97416484660924	0
75.97418155773396	0
75.97419826886056	0
75.97421497998894	0
75.9742316911192	0
75.97424840225132	0
75.97426511338522	0
75.974281824521	0
75.9742985356586	0
75.97431524679804	1
75.97433195793932	0
75.97434866908244	0
75.9743653802274	0
75.97438209137418	0
75.97439880252282	0
75.97441551367328	1
75.97443222482558	0
75.97444893597972	0
75.97446564713572	0
75.97448235829354	0
75.9744990694532	0
75.97451578061468	0
75.97453249177802	0
75.97454920294318	0
75.9745659141102	0
75.97458262527904	0
75.97459933644974	0
75.97461604762226	0
75.9746327587966	0
75.9746494699728	0
75.97466618115086	0
75.97468289233072	0
75.97469960351244	0
75.97471631469598	0
75.97473302588138	0
75.9747497370686	0
75.97476644825768	0
75.97478315944856	0
75.9747998706413	0
75.97481658183588	0
75.9748332930323	0
75.97485000423056	0
75.97486671543064	0
75.97488342663258	0
75.97490013783634	0
75.97491684904194	0
75.97493356024938	0
75.97495027145866	0
75.97496698266978	0
75.97498369388274	0
75.97500040509752	0
75.97501711631416	0
75.97503382753264	0
75.97505053875296	0
75.97506724997508	0
75.97508396119908	0
75.9751006724249	0
75.97511738365256	0
75.97513409488206	0
75.9751508061134	0
75.97516751734656	0
75.97518422858158	0
75.97520093981842	0
75.9752176510571	0
75.97523436229764	0
75.97525107354	0
75.97526778478418	0
75.97528449603024	0
75.97530120727812	0
75.97531791852782	0
75.97533462977938	0
75.97535134103276	0
75.97536805228798	0
75.97538476354504	0
75.97540147480396	0
75.9754181860647	0
75.97543489732726	0
75.97545160859168	0
75.97546831985794	0
75.97548503112604	0
75.97550174239596	0
75.97551845366774	0
75.97553516494134	0
75.97555187621678	0
75.97556858749408	0
75.97558529877318	0
75.97560201005414	0
75.97561872133694	0
75.97563543262156	0
75.97565214390804	0
75.97566885519636	0
75.9756855664865	0
75.97570227777848	0
75.97571898907232	0
75.97573570036796	0
75.97575241166546	0
75.9757691229648	0
75.97578583426598	0
75.97580254556898	0
75.97581925687384	0
75.97583596818052	0
75.97585267948904	0
75.9758693907994	0
75.97588610211162	0
75.97590281342564	0
75.97591952474154	0
75.97593623605924	0
75.9759529473788	0
75.97596965870018	0
75.97598637002342	0
75.97600308134848	0
75.97601979267538	0
75.97603650400414	0
75.9760532153347	0
75.97606992666712	0
75.97608663800138	0
75.97610334933748	0
75.9761200606754	0
75.97613677201518	0
75.97615348335678	0
75.97617019470022	0
75.97618690604552	0
75.97620361739264	0
75.97622032874158	0
75.9762370400924	0
75.97625375144502	0
75.97627046279948	0
75.9762871741558	0
75.97630388551396	0
75.97632059687392	0
75.97633730823576	0
75.97635401959944	0
75.97637073096492	0
75.97638744233226	0
75.97640415370144	0
75.97642086507246	0
75.9764375764453	0
75.97645428782	0
75.97647099919652	0
75.97648771057488	0
75.97650442195508	0
75.97652113333714	0
75.976537844721	0
75.97655455610672	0
75.97657126749426	0
75.97658797888366	0
75.97660469027488	0
75.97662140166796	0
75.97663811306286	0
75.9766548244596	0
75.9766715358582	0
75.9766882472586	0
75.97670495866086	0
75.97672167006496	0
75.97673838147088	0
75.97675509287866	0
75.97677180428828	0
75.97678851569972	0
75.976805227113	0
75.97682193852812	0
75.97683864994508	0
75.97685536136388	0
75.97687207278452	0
75.976888784207	0
75.9769054956313	0
75.97692220705744	0
75.97693891848544	0
75.97695562991526	0
75.97697234134692	0
75.97698905278044	0
75.97700576421576	0
75.97702247565294	0
75.97703918709196	0
75.9770558985328	0
75.9770726099755	0
75.97708932142002	0
75.9771060328664	0
75.97712274431458	0
75.97713945576464	0
75.97715616721652	0
75.97717287867024	0
75.9771895901258	0
75.97720630158318	0
75.9772230130424	0
75.97723972450348	0
75.9772564359664	0
75.97727314743112	0
75.97728985889772	1
75.97730657036614	0
75.9773232818364	0
75.9773399933085	0
75.97735670478242	0
75.9773734162582	0
75.9773901277358	0
75.97740683921526	0
75.97742355069654	0
75.97744026217966	0
75.97745697366464	0
75.97747368515142	0
75.97749039664006	0
75.97750710813054	0
75.97752381962286	0
75.977540531117	0
75.977557242613	0
75.97757395411082	0
75.97759066561046	0
75.97760737711198	0
75.97762408861534	0
75.97764080012048	0
75.97765751162752	0
75.97767422313638	0
75.97769093464704	0
75.9777076461596	0
75.97772435767396	0
75.97774106919016	0
75.9777577807082	0
75.97777449222808	0
75.9777912037498	0
75.97780791527336	0
75.97782462679876	0
75.977841338326	0
75.97785804985504	0
75.97787476138596	0
75.97789147291872	0
75.97790818445328	0
75.97792489598972	0
75.97794160752798	0
75.97795831906808	0
75.97797503061002	0
75.97799174215378	0
75.9780084536994	0
75.97802516524684	0
75.97804187679614	0
75.97805858834724	0
75.97807529990022	0
75.97809201145502	0
75.97810872301164	0
75.97812543457014	0
75.97814214613044	0
75.97815885769262	0
75.97817556925658	0
75.97819228082242	0
75.97820899239008	0
75.97822570395958	0
75.97824241553092	0
75.97825912710412	0
75.97827583867912	0
75.97829255025598	1
75.97830926183468	0
75.9783259734152	0
75.97834268499756	0
75.97835939658178	0
75.97837610816782	0
75.9783928197557	0
75.97840953134542	0
75.97842624293696	0
75.97844295453038	0
75.9784596661256	0
75.97847637772268	0
75.97849308932158	0
75.97850980092234	0
75.97852651252492	0
75.97854322412934	0
75.9785599357356	0
75.9785766473437	0
75.97859335895364	0
75.97861007056542	0
75.97862678217902	0
75.97864349379446	0
75.97866020541176	0
75.9786769170309	0
75.97869362865184	0
75.97871034027466	0
75.9787270518993	0
75.97874376352576	0
75.97876047515408	0
75.97877718678424	0
75.97879389841622	0
75.97881061005006	0
75.97882732168574	0
75.97884403332324	0
75.97886074496258	0
75.97887745660376	0
75.97889416824678	0
75.97891087989164	0
75.97892759153832	0
75.97894430318686	0
75.97896101483722	0
75.97897772648944	0
75.97899443814348	0
75.97901114979936	0
75.97902786145708	0
75.97904457311664	0
75.97906128477804	0
75.97907799644126	0
75.97909470810636	0
75.97911141977326	0
75.979128131442	0
75.9791448431126	0
75.97916155478502	0
75.97917826645928	0
75.97919497813538	0
75.97921168981334	0
75.9792284014931	0
75.9792451131747	0
75.97926182485816	0
75.97927853654344	0
75.97929524823058	0
75.97931195991954	0
75.97932867161034	0
75.97934538330298	0
75.97936209499746	0
75.97937880669378	0
75.97939551839194	0
75.97941223009192	0
75.97942894179374	0
75.97944565349742	0
75.97946236520294	0
75.97947907691028	0
75.97949578861946	0
75.97951250033048	0
75.97952921204334	0
75.97954592375802	0
75.97956263547456	0
75.97957934719294	0
75.97959605891314	0
75.9796127706352	0
75.97962948235908	0
75.97964619408478	0
75.97966290581236	0
75.97967961754176	0
75.97969632927298	0
75.97971304100606	0
75.97972975274098	0
75.97974646447772	0
75.97976317621632	0
75.97977988795674	0
75.979796599699	0
75.9798133114431	0
75.97983002318904	0
75.97984673493682	0
75.97986344668642	0
75.97988015843788	0
75.97989687019118	0
75.9799135819463	0
75.97993029370326	0
75.97994700546208	0
75.97996371722272	0
75.9799804289852	0
75.97999714074952	0
75.98001385251568	0
75.98003056428368	0
75.9800472760535	0
75.98006398782516	0
75.98008069959868	0
75.98009741137402	0
75.9801141231512	0
75.98013083493022	0
75.98014754671108	0
75.98016425849378	0
75.98018097027832	0
75.98019768206468	0
75.98021439385288	0
75.98023110564294	0
75.98024781743484	0
75.98026452922856	0
75.9802812410241	0
75.98029795282152	0
75.98031466462076	0
75.98033137642182	0
75.98034808822474	0
75.9803648000295	0
75.98038151183608	0
75.9803982236445	0
75.98041493545478	0
75.98043164726688	0
75.98044835908082	0
75.9804650708966	0
75.9804817827142	0
75.98049849453366	0
75.98051520635496	0
75.98053191817808	0
75.98054863000304	0
75.98056534182986	0
75.98058205365852	0
75.98059876548898	0
75.9806154773213	0
75.98063218915546	0
75.98064890099144	0
75.98066561282928	0
75.98068232466896	0
75.98069903651046	0
75.9807157483538	0
75.980732460199	0
75.980749172046	0
75.98076588389488	0
75.98078259574558	0
75.9807993075981	0
75.98081601945248	0
75.9808327313087	0
75.98084944316674	0
75.98086615502664	0
75.98088286688836	1
75.9808995787519	0
75.98091629061732	0
75.98093300248456	0
75.98094971435364	0
75.98096642622454	0
75.9809831380973	0
75.9809998499719	0
75.98101656184832	0
75.98103327372658	0
75.9810499856067	0
75.98106669748864	0
75.9810834093724	0
75.98110012125804	0
75.98111683314548	0
75.98113354503478	0
75.98115025692592	0
75.98116696881888	0
75.98118368071368	0
75.98120039261034	0
75.9812171045088	0
75.98123381640914	0
75.9812505283113	0
75.9812672402153	0
75.98128395212112	0
75.9813006640288	0
75.9813173759383	0
75.98133408784966	0
75.98135079976284	0
75.98136751167786	0
75.98138422359472	0
75.98140093551342	0
75.98141764743396	0
75.98143435935634	0
75.98145107128056	0
75.9814677832066	0
75.98148449513448	0
75.98150120706422	0
75.98151791899578	0
75.98153463092916	0
75.98155134286442	0
75.9815680548015	0
75.9815847667404	0
75.98160147868116	0
75.98161819062376	0
75.9816349025682	0
75.98165161451446	0
75.98166832646256	0
75.98168503841252	0
75.98170175036428	0
75.9817184623179	0
75.98173517427336	0
75.98175188623064	0
75.98176859818978	0
75.98178531015076	0
75.98180202211356	0
75.9818187340782	0
75.9818354460447	0
75.981852158013	0
75.98186886998318	0
75.98188558195518	0
75.981902293929	0
75.98191900590468	0
75.9819357178822	0
75.98195242986154	0
75.98196914184274	0
75.98198585382576	0
75.98200256581062	0
75.98201927779732	0
75.98203598978584	0
75.98205270177624	0
75.98206941376844	0
75.9820861257625	0
75.9821028377584	0
75.98211954975612	0
75.98213626175568	0
75.98215297375708	0
75.98216968576032	0
75.9821863977654	0
75.98220310977232	0
75.98221982178106	0
75.98223653379166	0
75.9822532458041	0
75.98226995781836	0
75.98228666983448	0
75.98230338185242	0
75.9823200938722	0
75.98233680589382	0
75.98235351791728	0
75.98237022994258	0
75.9823869419697	0
75.98240365399868	0
75.9824203660295	0
75.98243707806212	0
75.98245379009662	0
75.98247050213294	0
75.9824872141711	0
75.9825039262111	0
75.98252063825294	0
75.9825373502966	0
75.98255406234212	0
75.98257077438948	0
75.98258748643866	0
75.98260419848968	0
75.98262091054256	0
75.98263762259726	0
75.9826543346538	0
75.98267104671218	0
75.9826877587724	0
75.98270447083444	0
75.98272118289834	0
75.98273789496406	0
75.98275460703162	0
75.98277131910104	0
75.98278803117228	0
75.98280474324534	0
75.98282145532026	0
75.98283816739704	0
75.98285487947562	0
75.98287159155606	0
75.98288830363832	0
75.98290501572242	0
75.98292172780838	0
75.98293843989616	0
75.98295515198578	0
75.98297186407724	0
75.98298857617054	0
75.98300528826568	0
75.98302200036264	0
75.98303871246146	0
75.98305542456212	0
75.9830721366646	0
75.98308884876892	0
75.98310556087508	0
75.98312227298308	0
75.98313898509292	0
75.9831556972046	0
75.9831724093181	0
75.98318912143346	0
75.98320583355064	0
75.98322254566966	0
75.98323925779054	0
75.98325596991324	0
75.98327268203778	0
75.98328939416416	0
75.98330610629238	0
75.98332281842244	0
75.98333953055432	0
75.98335624268806	0
75.98337295482362	0
75.98338966696102	0
75.98340637910028	0
75.98342309124136	0
75.98343980338428	0
75.98345651552904	0
75.98347322767564	0
75.98348993982406	0
75.98350665197432	0
75.98352336412644	0
75.98354007628038	0
75.98355678843616	0
75.9835735005938	0
75.98359021275324	0
75.98360692491456	0
75.98362363707768	0
75.98364034924266	0
75.98365706140948	0
75.98367377357812	0
75.98369048574862	0
75.98370719792094	0
75.9837239100951	0
75.9837406222711	0
75.98375733444894	0
75.98377404662862	0
75.98379075881014	0
75.98380747099348	0
75.98382418317868	0
75.9838408953657	0
75.98385760755458	0
75.98387431974528	0
75.98389103193782	0
75.98390774413218	0
75.98392445632842	0
75.98394116852648	0
75.98395788072636	0
75.9839745929281	0
75.98399130513168	0
75.98400801733706	0
75.98402472954432	0
75.9840414417534	0
75.98405815396434	0
75.98407486617708	0
75.98409157839168	0
75.98410829060812	0
75.98412500282638	0
75.9841417150465	0
75.98415842726844	0
75.98417513949222	0
75.98419185171786	0
75.98420856394532	0
75.98422527617462	0
75.98424198840574	0
75.98425870063874	0
75.98427541287354	0
75.9842921251102	0
75.98430883734868	0
75.984325549589	0
75.98434226183118	0
75.98435897407518	0
75.98437568632102	0
75.9843923985687	0
75.98440911081822	0
75.98442582306958	0
75.98444253532274	0
75.9844592475778	0
75.98447595983466	0
75.98449267209336	0
75.9845093843539	0
75.9845260966163	0
75.9845428088805	0
75.98455952114656	0
75.98457623341446	0
75.98459294568418	0
75.98460965795576	0
75.98462637022918	0
75.98464308250442	0
75.9846597947815	0
75.98467650706042	0
75.98469321934118	0
75.98470993162378	0
75.98472664390822	0
75.9847433561945	0
75.9847600684826	0
75.98477678077256	0
75.98479349306434	0
75.98481020535796	0
75.98482691765342	0
75.98484362995074	0
75.98486034224986	0
75.98487705455084	0
75.98489376685366	0
75.9849104791583	0
75.9849271914648	0
75.98494390377314	0
75.98496061608328	0
75.9849773283953	0
75.98499404070914	0
75.98501075302482	0
75.98502746534234	0
75.9850441776617	0
75.9850608899829	0
75.98507760230592	0
75.9850943146308	0
75.9851110269575	0
75.98512773928604	0
75.98514445161642	0
75.98516116394866	0
75.9851778762827	0
75.98519458861858	0
75.98521130095632	0
75.9852280132959	0
75.9852447256373	0
75.98526143798056	0
75.98527815032564	0
75.98529486267256	0
75.98531157502134	0
75.98532828737192	0
75.98534499972436	0
75.98536171207864	0
75.98537842443474	0
75.9853951367927	0
75.98541184915248	0
75.98542856151412	0
75.98544527387758	0
75.98546198624288	0
75.98547869861002	0
75.985495410979	0
75.98551212334982	0
75.98552883572248	0
75.98554554809696	0
75.9855622604733	0
75.98557897285146	0
75.98559568523146	0
75.9856123976133	0
75.985629109997	0
75.9856458223825	0
75.98566253476986	0
75.98567924715906	0
75.9856959595501	0
75.98571267194296	0
75.98572938433766	0
75.98574609673422	0
75.9857628091326	0
75.98577952153282	0
75.98579623393488	0
75.98581294633878	0
75.98582965874452	0
75.9858463711521	0
75.98586308356148	0
75.98587979597274	0
75.98589650838584	0
75.98591322080076	0
75.98592993321752	0
75.98594664563612	0
75.98596335805656	1
75.98598007047884	0
75.98599678290294	0
75.9860134953289	0
75.98603020775668	0
75.98604692018632	0
75.98606363261778	0
75.98608034505108	0
75.98609705748624	0
75.98611376992322	0
75.98613048236202	0
75.98614719480268	0
75.98616390724518	0
75.9861806196895	0
75.98619733213568	0
75.98621404458368	0
75.98623075703352	0
75.98624746948522	0
75.98626418193872	0
75.98628089439408	0
75.98629760685128	0
75.98631431931032	0
75.98633103177118	0
75.98634774423388	0
75.98636445669844	0
75.98638116916482	0
75.98639788163304	0
75.98641459410312	0
75.98643130657502	0
75.98644801904874	0
75.98646473152432	0
75.98648144400174	0
75.98649815648098	0
75.98651486896206	0
75.986531581445	0
75.98654829392976	0
75.98656500641636	0
75.9865817189048	0
75.98659843139508	0
75.9866151438872	0
75.98663185638116	0
75.98664856887694	0
75.98666528137456	0
75.98668199387404	0
75.98669870637534	0
75.98671541887848	0
75.98673213138346	0
75.98674884389028	0
75.98676555639894	0
75.98678226890942	0
75.98679898142178	0
75.98681569393592	0
75.98683240645194	0
75.9868491189698	0
75.98686583148948	0
75.98688254401098	0
75.98689925653436	0
75.98691596905954	0
75.98693268158658	0
75.98694939411546	0
75.98696610664616	0
75.98698281917872	0
75.9869995317131	0
75.98701624424932	0
75.9870329567874	0
75.9870496693273	0
75.98706638186902	0
75.9870830944126	0
75.98709980695802	0
75.98711651950526	0
75.98713323205436	0
75.98714994460528	0
75.98716665715806	0
75.98718336971264	0
75.98720008226908	0
75.98721679482738	0
75.9872335073875	0
75.98725021994944	0
75.98726693251324	0
75.98728364507886	0
75.98730035764634	0
75.98731707021564	0
75.98733378278678	0
75.98735049535976	0
75.98736720793458	0
75.98738392051124	0
75.98740063308974	0
75.98741734567008	0
75.98743405825224	0
75.98745077083626	0
75.9874674834221	0
75.9874841960098	0
75.9875009085993	0
75.98751762119066	0
75.98753433378388	0
75.9875510463789	0
75.98756775897578	0
75.9875844715745	0
75.98760118417504	0
75.98761789677742	0
75.98763460938164	0
75.9876513219877	0
75.98766803459562	0
75.98768474720536	0
75.98770145981692	0
75.98771817243034	0
75.9877348850456	0
75.98775159766268	0
75.98776831028162	0
75.9877850229024	0
75.98780173552498	0
75.98781844814944	0
75.9878351607757	0
75.98785187340384	1
75.98786858603378	0
75.98788529866558	0
75.98790201129922	0
75.98791872393468	0
75.987935436572	0
75.98795214921114	0
75.98796886185212	0
75.98798557449494	0
75.9880022871396	0
75.98801899978608	0
75.98803571243442	0
75.9880524250846	1
75.9880691377366	0
75.98808585039046	1
75.98810256304614	1
75.98811927570366	0
75.98813598836304	0
75.98815270102422	0
75.98816941368728	0
75.98818612635214	0
75.98820283901886	0
75.98821955168742	0
75.98823626435778	0
75.98825297703002	0
75.98826968970408	0
75.98828640237998	0
75.98830311505772	0
75.98831982773732	0
75.98833654041872	0
75.98835325310198	0
75.98836996578708	0
75.988386678474	0
75.98840339116276	0
75.98842010385338	0
75.9884368165458	0
75.9884535292401	0
75.98847024193622	0
75.98848695463418	0
75.98850366733396	1
75.9885203800356	0
75.98853709273908	0
75.98855380544438	0
75.98857051815152	0
75.98858723086052	0
75.98860394357132	0
75.98862065628398	0
75.9886373689985	0
75.98865408171482	0
75.988670794433	0
75.98868750715302	0
75.98870421987486	0
75.98872093259854	0
75.98873764532408	0
75.98875435805142	0
75.98877107078064	0
75.98878778351168	0
75.98880449624454	0
75.98882120897926	0
75.98883792171582	0
75.98885463445422	0
75.98887134719444	0
75.9888880599365	0
75.98890477268042	0
75.98892148542616	0
75.98893819817374	0
75.98895491092316	0
75.9889716236744	0
75.9889883364275	0
75.98900504918242	0
75.98902176193918	0
75.98903847469782	0
75.98905518745826	0
75.98907190022052	0
75.98908861298466	0
75.98910532575062	0
75.9891220385184	0
75.98913875128804	0
75.98915546405952	0
75.98917217683282	0
75.98918888960796	1
75.98920560238496	0
75.9892223151638	0
75.98923902794444	0
75.98925574072694	0
75.98927245351128	0
75.98928916629744	0
75.98930587908546	1
75.98932259187532	0
75.989339304667	0
75.98935601746052	0
75.9893727302559	0
75.98938944305308	0
75.98940615585214	0
75.98942286865302	0
75.98943958145574	0
75.98945629426028	0
75.98947300706668	0
75.9894897198749	0
75.98950643268496	0
75.98952314549688	0
75.98953985831062	0
75.9895565711262	0
75.98957328394362	0
75.9895899967629	0
75.98960670958398	0
75.98962342240692	0
75.98964013523168	0
75.98965684805828	0
75.98967356088674	0
75.98969027371702	0
75.98970698654912	0
75.9897236993831	0
75.9897404122189	0
75.98975712505652	0
75.989773837896	0
75.98979055073732	0
75.98980726358046	0
75.98982397642544	0
75.98984068927228	0
75.98985740212092	0
75.98987411497144	0
75.98989082782378	0
75.98990754067796	0
75.98992425353396	0
75.98994096639182	0
75.9899576792515	0
75.98997439211304	0
75.9899911049764	0
75.9900078178416	0
75.99002453070864	0
75.99004124357752	0
75.99005795644824	0
75.9900746693208	0
75.9900913821952	0
75.99010809507142	0
75.99012480794948	0
75.9901415208294	0
75.99015823371114	0
75.99017494659472	0
75.99019165948014	1
75.99020837236742	0
75.9902250852565	0
75.99024179814742	0
75.9902585110402	0
75.99027522393482	0
75.99029193683126	0
75.99030864972954	0
75.99032536262966	0
75.99034207553162	0
75.99035878843544	0
75.99037550134106	0
75.99039221424854	0
75.99040892715784	0
75.99042564006902	0
75.99044235298198	0
75.99045906589682	0
75.99047577881348	0
75.99049249173198	0
75.99050920465232	0
75.9905259175745	0
75.9905426304985	0
75.99055934342438	0
75.99057605635206	0
75.9905927692816	0
75.99060948221296	0
75.99062619514616	0
75.9906429080812	0
75.99065962101808	0
75.9906763339568	0
75.99069304689736	0
75.99070975983976	0
75.99072647278398	0
75.99074318573006	0
75.99075989867796	0
75.9907766116277	0
75.9907933245793	0
75.9908100375327	0
75.99082675048798	0
75.99084346344506	0
75.99086017640398	0
75.99087688936478	0
75.9908936023274	0
75.99091031529184	0
75.99092702825812	0
75.99094374122626	0
75.99096045419622	0
75.990977167168	0
75.99099388014164	0
75.99101059311712	0
75.99102730609442	0
75.99104401907358	0
75.99106073205458	0
75.9910774450374	0
75.99109415802208	0
75.99111087100858	0
75.9911275839969	0
75.9911442969871	0
75.99116100997912	0
75.99117772297296	0
75.99119443596866	0
75.9912111489662	0
75.99122786196554	0
75.99124457496676	1
75.99126128796982	0
75.9912780009747	0
75.9912947139814	0
75.99131142698998	0
75.99132814000036	0
75.99134485301258	0
75.99136156602666	0
75.99137827904258	0
75.99139499206032	0
75.9914117050799	0
75.99142841810132	0
75.99144513112458	0
75.99146184414968	0
75.99147855717662	0
75.9914952702054	0
75.991511983236	0
75.99152869626846	0
75.99154540930274	0
75.99156212233886	0
75.99157883537684	0
75.99159554841664	0
75.99161226145828	0
75.99162897450176	0
75.99164568754706	0
75.99166240059422	0
75.9916791136432	0
75.99169582669404	0
75.9917125397467	0
75.99172925280122	0
75.99174596585756	0
75.99176267891572	0
75.99177939197574	0
75.99179610503762	0
75.9918128181013	0
75.99182953116684	0
75.9918462442342	0
75.9918629573034	0
75.99187967037444	0
75.99189638344734	0
75.99191309652204	0
75.99192980959862	0
75.99194652267702	0
75.99196323575726	0
75.99197994883932	0
75.99199666192322	0
75.99201337500898	0
75.99203008809656	0
75.99204680118598	0
75.99206351427726	0
75.99208022737034	0
75.9920969404653	0
75.99211365356206	0
75.99213036666066	0
75.99214707976112	0
75.99216379286342	0
75.99218050596754	0
75.9921972190735	0
75.99221393218132	0
75.99223064529096	0
75.99224735840242	0
75.99226407151576	0
75.9922807846309	0
75.99229749774788	0
75.99231421086672	0
75.9923309239874	0
75.9923476371099	0
75.99236435023424	0
75.99238106336044	1
75.99239777648844	0
75.9924144896183	0
75.99243120275	0
75.99244791588352	0
75.9924646290189	0
75.99248134215612	0
75.99249805529514	0
75.99251476843602	1
75.99253148157876	0
75.99254819472332	0
75.99256490786972	0
75.99258162101796	0
75.99259833416802	0
75.99261504731994	0
75.9926317604737	0
75.99264847362928	0
75.9926651867867	0
75.99268189994596	0
75.99269861310708	0
75.99271532627	0
75.99273203943478	0
75.9927487526014	0
75.99276546576984	0
75.99278217894014	0
75.99279889211226	0
75.99281560528622	0
75.99283231846204	0
75.99284903163968	0
75.99286574481914	0
75.99288245800048	0
75.99289917118362	0
75.99291588436862	1
75.99293259755546	0
75.99294931074412	0
75.99296602393462	0
75.99298273712698	0
75.99299945032116	0
75.99301616351718	0
75.99303287671504	0
75.99304958991474	0
75.99306630311628	0
75.99308301631964	0
75.99309972952484	0
75.9931164427319	0
75.99313315594078	0
75.9931498691515	1
75.99316658236408	0
75.99318329557846	0
75.9932000087947	0
75.99321672201278	0
75.99323343523268	0
75.99325014845444	0
75.99326686167802	0
75.99328357490344	0
75.99330028813072	0
75.99331700135984	0
75.99333371459076	1
75.99335042782354	0
75.99336714105816	0
75.99338385429462	0
75.9934005675329	0
75.99341728077304	0
75.99343399401502	0
75.9934507072588	1
75.99346742050444	0
75.99348413375194	0
75.99350084700124	0
75.9935175602524	0
75.9935342735054	0
75.99355098676024	0
75.9935677000169	0
75.99358441327542	0
75.99360112653576	0
75.99361783979794	0
75.99363455306198	0
75.99365126632782	0
75.99366797959552	0
75.99368469286506	0
75.99370140613642	0
75.99371811940964	0
75.99373483268468	1
75.99375154596158	0
75.9937682592403	0
75.99378497252086	0
75.99380168580326	1
75.9938183990875	0
75.99383511237358	0
75.9938518256615	0
75.99386853895124	0
75.99388525224284	0
75.99390196553628	0
75.99391867883152	0
75.99393539212862	0
75.99395210542758	1
75.99396881872834	0
75.99398553203096	0
75.99400224533542	0
75.9940189586417	0
75.99403567194986	0
75.99405238525982	0
75.99406909857164	0
75.99408581188526	0
75.99410252520074	0
75.99411923851808	0
75.99413595183722	0
75.99415266515824	0
75.99416937848106	0
75.99418609180572	0
75.99420280513224	0
75.99421951846058	0
75.99423623179078	0
75.9942529451228	0
75.99426965845666	0
75.99428637179234	0
75.9943030851299	0
75.99431979846926	0
75.99433651181046	0
75.99435322515352	0
75.99436993849842	0
75.99438665184516	0
75.9944033651937	0
75.99442007854412	0
75.99443679189636	0
75.99445350525042	0
75.99447021860634	0
75.9944869319641	0
75.99450364532368	0
75.99452035868512	0
75.9945370720484	0
75.99455378541348	0
75.99457049878042	0
75.99458721214922	0
75.99460392551982	0
75.99462063889228	1
75.99463735226658	0
75.99465406564272	0
75.99467077902068	0
75.9946874924005	0
75.99470420578214	0
75.99472091916562	1
75.99473763255094	0
75.99475434593812	0
75.9947710593271	0
75.99478777271794	0
75.99480448611062	0
75.99482119950512	0
75.99483791290146	0
75.99485462629966	0
75.99487133969968	0
75.99488805310154	0
75.99490476650524	0
75.99492147991076	0
75.99493819331816	0
75.99495490672736	0
75.9949716201384	0
75.99498833355132	0
75.99500504696604	0
75.99502176038258	0
75.995038473801	0
75.99505518722124	0
75.99507190064332	0
75.99508861406724	0
75.995105327493	0
75.9951220409206	0
75.99513875435002	0
75.99515546778128	0
75.9951721812144	0
75.99518889464934	0
75.99520560808612	0
75.99522232152474	0
75.99523903496518	0
75.9952557484075	0
75.99527246185164	1
75.9952891752976	0
75.9953058887454	0
75.99532260219506	0
75.99533931564652	0
75.99535602909986	0
75.99537274255502	0
75.99538945601202	0
75.99540616947084	0
75.99542288293152	0
75.99543959639404	0
75.99545630985838	0
75.99547302332458	0
75.99548973679262	1
75.99550645026246	0
75.99552316373416	0
75.9955398772077	0
75.99555659068308	0
75.9955733041603	0
75.99559001763934	0
75.99560673112024	0
75.99562344460298	0
75.99564015808754	0
75.99565687157394	0
75.99567358506218	0
75.99569029855226	0
75.99570701204416	1
75.99572372553794	0
75.99574043903354	0
75.99575715253098	1
75.99577386603022	1
75.99579057953134	0
75.9958072930343	0
75.99582400653906	0
75.9958407200457	0
75.99585743355416	0
75.99587414706444	1
75.99589086057658	0
75.99590757409056	1
75.99592428760636	0
75.99594100112402	0
75.9959577146435	0
75.99597442816482	0
75.99599114168798	1
75.99600785521298	1
75.99602456873982	0
75.9960412822685	0
75.99605799579902	0
75.99607470933136	0
75.99609142286556	0
75.99610813640158	3
75.99612484993946	1
75.99614156347914	0
75.99615827702068	0
75.99617499056406	0
75.99619170410926	0
75.99620841765634	2
75.99622513120522	0
75.99624184475594	2
75.99625855830852	0
75.99627527186294	0
75.99629198541916	0
75.99630869897724	0
75.99632541253718	0
75.99634212609892	0
75.99635883966252	0
75.99637555322796	0
75.99639226679522	0
75.99640898036434	0
75.99642569393528	1
75.99644240750808	1
75.99645912108268	0
75.99647583465916	2
75.99649254823746	2
75.99650926181758	2
75.99652597539956	0
75.99654268898338	1
75.99655940256902	0
75.9965761161565	2
75.99659282974584	1
75.996609543337	1
75.99662625693	1
75.99664297052484	2
75.9966596841215	0
75.99667639772002	1
75.99669311132038	1
75.99670982492256	1
75.9967265385266	4
75.99674325213246	3
75.99675996574016	0
75.99677667934972	4
75.99679339296108	0
75.99681010657432	1
75.99682682018936	2
75.99684353380626	3
75.996860247425	3
75.99687696104554	3
75.99689367466796	7
75.99691038829222	3
75.9969271019183	2
75.9969438155462	3
75.99696052917596	3
75.99697724280756	5
75.996993956441	7
75.99701067007628	5
75.99702738371338	7
75.99704409735234	4
75.99706081099312	7
75.99707752463574	6
75.9970942382802	7
75.9971109519265	8
75.99712766557464	9
75.99714437922462	13
75.99716109287642	9
75.99717780653008	14
75.99719452018556	20
75.9972112338429	18
75.99722794750206	28
75.99724466116306	41
75.9972613748259	51
75.99727808849058	65
75.9972948021571	86
75.99731151582544	106
75.99732822949564	143
75.99734494316766	200
75.99736165684154	206
75.99737837051724	260
75.99739508419478	275
75.99741179787416	269
75.99742851155538	291
75.99744522523842	316
75.99746193892332	300
75.99747865261008	260
75.99749536629864	211
75.99751207998904	177
75.99752879368128	131
75.99754550737538	118
75.9975622210713	116
75.99757893476906	75
75.99759564846866	64
75.9976123621701	43
75.99762907587336	30
75.99764578957848	30
75.99766250328542	21
75.9976792169942	20
75.99769593070484	15
75.9977126444173	16
75.9977293581316	17
75.99774607184774	12
75.9977627855657	7
75.99777949928554	9
75.99779621300718	12
75.99781292673066	8
75.997829640456	7
75.99784635418318	4
75.99786306791216	1
75.99787978164302	5
75.99789649537568	8
75.99791320911022	2
75.99792992284656	3
75.99794663658474	3
75.99796335032478	3
75.99798006406664	3
75.99799677781036	3
75.99801349155592	2
75.99803020530328	2
75.9980469190525	4
75.99806363280356	2
75.99808034655646	0
75.99809706031118	1
75.99811377406776	2
75.99813048782616	1
75.99814720158642	1
75.99816391534852	2
75.99818062911244	0
75.9981973428782	0
75.9982140566458	1
75.99823077041524	3
75.9982474841865	2
75.99826419795962	0
75.99828091173458	2
75.99829762551134	2
75.99831433928998	1
75.99833105307044	2
75.99834776685274	0
75.99836448063688	1
75.99838119442286	3
75.99839790821066	0
75.99841462200034	0
75.99843133579182	1
75.99844804958514	0
75.99846476338032	1
75.99848147717732	2
75.99849819097616	0
75.99851490477684	0
75.99853161857936	0
75.99854833238372	1
75.99856504618992	0
75.99858175999796	0
75.99859847380782	0
75.99861518761952	1
75.99863190143308	0
75.99864861524846	1
75.99866532906568	1
75.99868204288474	0
75.99869875670564	0
75.99871547052836	0
75.99873218435294	0
75.99874889817936	0
75.9987656120076	0
75.99878232583768	0
75.99879903966962	0
75.99881575350338	0
75.99883246733898	0
75.99884918117642	0
75.9988658950157	0
75.9988826088568	0
75.99889932269976	1
75.99891603654454	0
75.99893275039116	0
75.99894946423964	0
75.99896617808994	0
75.99898289194208	0
75.99899960579606	0
75.99901631965188	0
75.99903303350952	0
75.99904974736902	0
75.99906646123036	1
75.99908317509352	0
75.99909988895854	0
75.99911660282538	1
75.99913331669404	0
75.99915003056456	0
75.99916674443694	0
75.99918345831112	0
75.99920017218716	0
75.99921688606504	2
75.99923359994474	0
75.99925031382628	0
75.99926702770966	1
75.9992837415949	0
75.99930045548194	0
75.99931716937086	1
75.9993338832616	0
75.99935059715416	0
75.99936731104858	0
75.99938402494484	0
75.99940073884292	0
75.99941745274284	0
75.9994341666446	0
75.9994508805482	0
75.99946759445364	0
75.99948430836092	0
75.99950102227002	0
75.999517736181	0
75.99953445009378	0
75.99955116400842	0
75.99956787792488	0
75.99958459184318	0
75.99960130576332	0
75.9996180196853	0
75.99963473360912	0
75.99965144753478	0
75.99966816146228	0
75.9996848753916	0
75.99970158932278	0
75.99971830325578	1
75.99973501719062	0
75.9997517311273	0
75.99976844506584	0
75.99978515900618	0
75.99980187294838	0
75.9998185868924	0
75.99983530083828	0
75.999852014786	0
75.99986872873554	0
75.99988544268694	0
75.99990215664016	1
75.99991887059522	0
75.99993558455212	0
75.99995229851086	0
75.99996901247144	0
75.99998572643384	0
76.0000024403981	0
76.0000191543642	0
76.00003586833212	0
76.00005258230188	1
76.00006929627348	0
76.00008601024692	0
76.0001027242222	1
76.00011943819932	0
76.00013615217826	0
76.00015286615906	0
76.0001695801417	0
76.00018629412616	0
76.00020300811246	0
76.00021972210062	0
76.0002364360906	0
76.0002531500824	0
76.00026986407608	0
76.00028657807158	0
76.0003032920689	0
76.00032000606808	0
