Filename: Z:\2020-12-20\2020-12-20_055 76Sr with beam merging _ RT100_T846 - clipped_MS100.tof
Analyze-time: Fri Feb 19 17:11:42 2021

Range: 43
Start Peak: 6199
Block size: 4
Block-Min: 0
Int-Max: 0
Peak mass: Rb85:-1e
Treshold: 0
Method: Median
a: 0.08554320834809824
t0: -0.174931057477
b: 0.575849041251
T: 800

Area1: 1 - 896

B Positions (center Block):
MS	B	Intensity	Peakposition (us)	Peakposition alt (u)	Peakposition corrected (u)
3	0.5758496085025206	48	14545.73988	84.9114080905742	84.911241165832
7	0.575849914795813	55	14545.747599999998	84.91149822337368	84.91124116583204
11	0.5758501845878322	41	14545.7544	84.91157761499834	84.911241165832
15	0.5758500020814664	54	14545.7498	84.91152390889524	84.911241165832
19	0.5758496648414424	51	14545.7413	84.9114246694016	84.91124116583202
23	0.5758493593416558	43	14545.7336	84.91133477014566	84.91124116583202
27	0.575849525977903	35	14545.737799999998	84.91138380609756	84.91124116583202
31	0.5758502665834458	58	14545.756466666666	84.9116017438328	84.91124116583202
35	0.575850200457951	45	14545.754799999998	84.91158228509506	84.91124116583202
39	0.5758501607826542	55	14545.753799999998	84.91157060985348	84.911241165832
43	0.5758502824535648	55	14545.756866666666	84.9116064139302	84.911241165832
47	0.5758501211073572	63	14545.7528	84.91155893461274	84.91124116583202
51	0.575850097302179	45	14545.752199999998	84.91155192946864	84.91124116583198
55	0.5758497640296848	37	14545.7438	84.91145385748196	84.91124116583202
59	0.575849605328497	53	14545.7398	84.9114071565558	84.911241165832
63	0.5758498195751004	51	14545.7452	84.91147020280914	84.911241165832
67	0.5758498989256944	49	14545.7472	84.91149355327926	84.911241165832
71	0.575849642358774	46	14545.740733333332	84.91141805343742	84.91124116583202
75	0.5758497672037084	43	14545.74388	84.9114547915006	84.91124116583202
79	0.5758497058392492	42	14545.742333333332	84.91143673380752	84.911241165832
83	0.5758492847520976	51	14545.73172	84.91131282072416	84.911241165832
87	0.5758484666474748	47	14545.711099999998	84.91107207778738	84.91124116583202
91	0.5758486689914892	44	14545.716199999998	84.91113162135296	84.911241165832
95	0.5758485896408952	50	14545.714199999998	84.9111082709326	84.911241165832
99	0.5758488594329144	42	14545.721	84.91118766237494	84.91124116583202
103	0.5758489673497222	39	14545.72372	84.9112194189623	84.91124116583202
107	0.57584917683529	46	14545.729	84.91128106411936	84.91124116583202
111	0.575848907043271	54	14545.7222	84.91120167263336	84.91124116583198
115	0.5758492085755276	44	14545.7298	84.91129040429664	84.91124116583202
119	0.5758493355364778	37	14545.733	84.91132776501084	84.91124116583198
123	0.5758489758137856	47	14545.723933333332	84.91122190967526	84.91124116583198
127	0.5758488488528354	39	14545.720733333334	84.91118454898438	84.911241165832
131	0.5758490879626248	38	14545.72676	84.91125491162576	84.91124116583202
135	0.575849475193523	47	14545.736519999998	84.91136886180594	84.911241165832
139	0.5758493037962402	54	14545.732199999998	84.91131842483152	84.911241165832
143	0.5758490392942606	41	14545.725533333332	84.91124059002382	84.91124116583202
147	0.5758487377620038	53	14545.717933333334	84.91115185838656	84.91124116583202
151	0.5758488805930728	52	14545.721533333334	84.91119388915632	84.911241165832
155	0.5758490244821498	56	14545.72516	84.91123623127566	84.91124116583202
159	0.5758490445843002	55	14545.725666666666	84.9112421467196	84.911241165832
163	0.5758491949725686	54	14545.729457142856	84.91128640136344	84.91124116583202
167	0.5758491609651712	45	14545.728599999998	84.91127639403092	84.91124116583202
171	0.5758486943836792	44	14545.71684	84.91113909348816	84.911241165832
175	0.5758486901516476	46	14545.716733333332	84.91113784813228	84.91124116583198
179	0.575848867367974	53	14545.7212	84.91118999741796	84.91124116583198
183	0.5758491323989574	55	14545.727879999998	84.91126798787204	84.91124116583202
187	0.5758487451680594	44	14545.71812	84.91115403775954	84.911241165832
191	0.5758487959524394	66	14545.7194	84.91116898203226	84.91124116583202
195	0.5758487324719642	44	14545.717799999998	84.91115030169156	84.911241165832
199	0.5758486689914892	56	14545.716199999998	84.91113162135296	84.911241165832
203	0.575849137159993	49	14545.728	84.9112693888985	84.91124116583202
207	0.5758490879626248	44	14545.72676	84.91125491162576	84.91124116583202
211	0.5758497798998036	49	14545.7442	84.91145852757526	84.911241165832
215	0.575849771964744	45	14545.743999999998	84.9114561925286	84.91124116583202
219	0.5758494670317476	50	14545.736314285714	84.91136646004492	84.911241165832
223	0.5758491874153692	48	14545.729266666666	84.91128417751172	84.91124116583202
227	0.575849502172725	39	14545.7372	84.91137680096072	84.911241165832
231	0.5758498354452192	31	14545.7456	84.91147487290292	84.91124116583202
235	0.5758499227308724	49	14545.7478	84.91150055842094	84.911241165832
239	0.5758501687177134	45	14545.753999999998	84.91157294490174	84.911241165832
243	0.5758500734970008	51	14545.7516	84.91154492432488	84.91124116583202
247	0.5758507003666924	56	14545.767399999998	84.9117293932076	84.91124116583202
251	0.5758503385279844	53	14545.75828	84.91162291494198	84.91124116583198
255	0.5758503723842378	63	14545.759133333334	84.91163287781782	84.91124116583202
259	0.5758500292873842	52	14545.750485714284	84.91153191477288	84.911241165832
263	0.5758502369592242	35	14545.75572	84.91159302631802	84.911241165832
267	0.5758508828730584	43	14545.772	84.91178309937568	84.91124116583202
271	0.5758507003666924	42	14545.767399999998	84.9117293932076	84.91124116583202
275	0.575850057626882	61	14545.751199999998	84.91154025422918	84.911241165832
279	0.5758501528475948	43	14545.7536	84.91156827480528	84.91124116583202
283	0.5758505734057422	46	14545.7642	84.91169203240504	84.91124116583202
287	0.5758506368862174	52	14545.7658	84.9117107128053	84.91124116583202
291	0.5758504570248714	43	14545.761266666666	84.91165778500992	84.91124116583202
295	0.5758506686264548	52	14545.7666	84.91172005300618	84.911241165832
299	0.57585112205842	65	14545.778028571428	84.91185348450364	84.91124116583198
303	0.5758510574443648	47	14545.776399999998	84.91183447050886	84.91124116583202
307	0.5758504543798514	51	14545.7612	84.9116570066601	84.91124116583202
311	0.5758501396224956	55	14545.753266666666	84.91156438305832	84.91124116583202
315	0.5758502321981886	53	14545.755599999998	84.91159162528888	84.91124116583202
319	0.5758506315961778	49	14545.765666666666	84.9117091561052	84.91124116583202
323	0.5758504781850296	51	14545.7618	84.91166401180854	84.91124116583202
327	0.5758503240181614	41	14545.757914285714	84.91161864513826	84.91124116583204
331	0.5758503670941982	39	14545.759	84.91163132111842	84.91124116583202
335	0.5758505797537898	55	14545.76436	84.91169390044498	84.911241165832
339	0.5758503591591388	53	14545.7588	84.91162898606938	84.91124116583202
343	0.57585021519449	44	14545.75517142857	84.91158662161358	84.911241165832
347	0.5758504908811246	57	14545.76212	84.91166774788778	84.91124116583198
351	0.5758506580463758	46	14545.766333333334	84.91171693960582	84.91124116583198
355	0.5758504226396138	39	14545.7604	84.91164766646268	84.911241165832
359	0.5758505910392074	47	14545.764644444444	84.9116972214049	84.91124116583202
363	0.5758510336391868	56	14545.7758	84.91182746535344	84.91124116583204
367	0.5758512399507308	52	14545.781	84.91188817671018	84.91124116583202
371	0.575850823360113	55	14545.770499999998	84.91176558649292	84.911241165832
375	0.575850759312848	53	14545.768885714286	84.9117467392973	84.911241165832
379	0.5758509384184742	56	14545.7734	84.91179944473456	84.911241165832
383	0.575851017769068	36	14545.775399999998	84.91182279524996	84.91124116583202
387	0.5758511447300182	50	14545.7786	84.9118601560813	84.91124116583202
391	0.5758507797172864	53	14545.7694	84.91175274371338	84.91124116583202
395	0.575851005072973	44	14545.77508	84.91181905916728	84.91124116583202
399	0.5758509089453964	58	14545.772657142856	84.91179077168678	84.91124116583198
403	0.5758510733144836	53	14545.7768	84.91183914061266	84.91124116583202
407	0.5758508953424374	43	14545.772314285714	84.91178676874184	84.91124116583202
411	0.5758507479770488	54	14545.7686	84.91174340351068	84.91124116583204
415	0.5758509013881968	51	14545.772466666666	84.91178854782846	84.91124116583204
419	0.5758511328274292	53	14545.7783	84.91185665350302	84.91124116583202
423	0.5758511024097014	48	14545.777533333332	84.91184770246994	84.91124116583202
427	0.5758511764702558	51	14545.7794	84.91186949629042	84.91124116583198
431	0.5758507241718708	51	14545.768	84.911736398359	84.911241165832
435	0.5758502560033668	44	14545.7562	84.91159863043462	84.91124116583202
439	0.5758500782580366	52	14545.75172	84.91154632535362	84.91124116583202
443	0.5758501845878322	55	14545.7544	84.91157761499834	84.911241165832
447	0.5758507003666924	44	14545.767399999998	84.9117293932076	84.91124116583202
451	0.5758508273276426	52	14545.7706	84.91176675401838	84.91124116583202
455	0.5758510230591076	57	14545.775533333334	84.91182435195112	84.91124116583198
459	0.5758506686264548	53	14545.7666	84.91172005300618	84.911241165832
463	0.5758506263061382	56	14545.765533333334	84.91170759940512	84.91124116583202
467	0.5758504781850296	40	14545.7618	84.91166401180854	84.91124116583202
471	0.5758503406440002	40	14545.758333333334	84.91162353762172	84.91124116583202
475	0.5758502813955568	32	14545.75684	84.91160610259036	84.91124116583202
479	0.5758503472565498	59	14545.7585	84.91162548349586	84.91124116583202
483	0.575850303613723	42	14545.757399999998	84.9116126407269	84.91124116583198
487	0.5758506897866132	47	14545.767133333332	84.91172627980708	84.91124116583198
491	0.5758503988344358	34	14545.7598	84.91164066131496	84.91124116583202
495	0.5758506474662964	62	14545.766066666666	84.91171382620554	84.91124116583202
499	0.5758509288964028	58	14545.773159999998	84.91179664267294	84.91124116583202
503	0.5758509225483554	46	14545.773	84.91179477463186	84.91124116583198
507	0.5758509987249254	49	14545.77492	84.91181719112596	84.911241165832
511	0.5758503512240794	46	14545.7586	84.91162665102036	84.91124116583202
515	0.5758502877436042	54	14545.757	84.91160797062934	84.911241165832
519	0.5758504887651088	46	14545.762066666666	84.9116671252079	84.91124116583198
523	0.5758501607826542	51	14545.753799999998	84.91157060985348	84.911241165832
527	0.575850021125609	51	14545.75028	84.91152951300956	84.91124116583198
531	0.5758502189730896	47	14545.755266666666	84.9115877335414	84.911241165832
535	0.5758504385097326	49	14545.7608	84.91165233656134	84.911241165832
539	0.5758504543798514	43	14545.7612	84.9116570066601	84.91124116583202
543	0.575850330063921	46	14545.758066666666	84.9116204242231	84.91124116583202
547	0.5758504887651088	42	14545.762066666666	84.9116671252079	84.91124116583198
551	0.5758507955874052	55	14545.7698	84.91175741381494	84.91124116583198
555	0.575850550734144	59	14545.763628571428	84.911685360834	84.911241165832
559	0.5758503353539608	41	14545.7582	84.9116219809224	84.91124116583198
563	0.5758502242631292	53	14545.7554	84.9115892902404	84.91124116583202
567	0.5758502052189868	50	14545.75492	84.9115836861241	84.91124116583198
571	0.575850446444792	38	14545.760999999998	84.9116546716107	84.91124116583202
575	0.5758508400237378	46	14545.77092	84.91177049009992	84.91124116583202
579	0.5758509013881968	43	14545.772466666666	84.91178854782846	84.91124116583204
583	0.5758502083930104	53	14545.755	84.91158462014348	84.91124116583202
587	0.5758498497283262	48	14545.74596	84.91147907598742	84.911241165832
591	0.5758502480683074	45	14545.756	84.911596295386	84.91124116583202
595	0.575850446444792	48	14545.760999999998	84.9116546716107	84.91124116583202
599	0.5758504702499702	49	14545.7616	84.91166167675902	84.91124116583202
603	0.5758503602927188	45	14545.758828571428	84.9116293196478	84.91124116583196
607	0.5758508844600702	43	14545.77204	84.91178356638592	84.91124116583204
611	0.5758506792065342	55	14545.766866666666	84.9117231664066	84.911241165832
615	0.5758502083930104	43	14545.755	84.91158462014348	84.91124116583202
619	0.5758502665834458	47	14545.756466666666	84.9116017438328	84.91124116583202
623	0.5758510540436252	52	14545.776314285712	84.91183346977234	84.91124116583198
627	0.5758501544346066	36	14545.753639999998	84.91156874181492	84.911241165832
631	0.5758500549818622	47	14545.751133333334	84.91153947587992	84.91124116583204
635	0.5758502639384262	41	14545.7564	84.91160096548326	84.91124116583202
639	0.5758509860288304	49	14545.774599999998	84.9118134550434	84.911241165832
643	0.5758510812495432	44	14545.777	84.9118414756646	84.911241165832
647	0.5758503512240794	43	14545.7586	84.91162665102036	84.91124116583202
651	0.575850330063921	47	14545.758066666666	84.9116204242231	84.91124116583202
655	0.5758502560033668	48	14545.7562	84.91159863043462	84.91124116583202
659	0.575849994146407	47	14545.7496	84.91152157384766	84.91124116583198
663	0.5758500655619414	52	14545.7514	84.911542589277	84.91124116583202
667	0.5758507532670884	52	14545.768733333332	84.9117449602111	84.91124116583202
671	0.5758502983236834	46	14545.757266666666	84.91161108402768	84.91124116583202
675	0.575850382964317	40	14545.7594	84.91163599121662	84.911241165832
679	0.5758501607826542	54	14545.753799999998	84.91157060985348	84.911241165832
683	0.5758496211986158	46	14545.7402	84.91141182664786	84.91124116583202
687	0.5758496529388534	40	14545.741	84.9114211668323	84.911241165832
691	0.5758503194838418	50	14545.7578	84.91161731082458	84.911241165832
695	0.575850393544396	44	14545.759666666666	84.9116391046155	84.91124116583202
699	0.5758497005492096	46	14545.742199999998	84.91143517710992	84.91124116583202
703	0.575850408356507	74	14545.76004	84.91164346337402	84.91124116583202
707	0.5758504186720842	63	14545.7603	84.91164649893804	84.91124116583202
711	0.5758508082835002	51	14545.77012	84.91176114989626	84.91124116583202
715	0.575850499345188	68	14545.762333333332	84.91167023860734	84.911241165832
719	0.5758508636021998	58	14545.771514285714	84.91177742853728	84.91124116583202
723	0.5758507765432626	44	14545.76932	84.91175180969308	84.911241165832
727	0.5758507638471676	50	14545.769	84.91174807361198	84.91124116583202
731	0.5758508828730584	57	14545.772	84.91178309937568	84.91124116583202
735	0.5758501978129312	55	14545.754733333334	84.91158150674562	84.91124116583202
739	0.5758506474662964	59	14545.766066666666	84.91171382620554	84.91124116583202
743	0.5758501184623374	48	14545.752733333332	84.91155815626336	84.91124116583198
747	0.5758501819428124	43	14545.754333333332	84.9115768366489	84.91124116583202
751	0.5758501925228916	40	14545.7546	84.9115799500467	84.91124116583202
755	0.5758500179515852	56	14545.750199999998	84.9115285789905	84.91124116583202
759	0.5758502242631292	45	14545.7554	84.9115892902404	84.91124116583202
763	0.5758496529388534	46	14545.741	84.9114211668323	84.911241165832
767	0.5758497878348628	35	14545.7444	84.91146086262198	84.911241165832
771	0.575850097302179	43	14545.752199999998	84.91155192946864	84.91124116583198
775	0.5758504067694952	41	14545.76	84.91164299636418	84.91124116583202
779	0.5758503670941982	43	14545.759	84.91163132111842	84.91124116583202
783	0.5758499438910308	57	14545.748333333332	84.91150678521378	84.91124116583202
787	0.5758500417567632	51	14545.7508	84.9115355841336	84.911241165832
791	0.5758499386009912	44	14545.7482	84.91150522851554	84.91124116583202
795	0.5758502824535648	49	14545.756866666666	84.9116064139302	84.911241165832
799	0.5758501607826542	46	14545.753799999998	84.91157060985348	84.911241165832
803	0.5758501131722978	57	14545.7526	84.91155659956468	84.91124116583202
807	0.5758499227308724	52	14545.7478	84.91150055842094	84.911241165832
811	0.5758499068607538	51	14545.7474	84.91149588832648	84.91124116583202
815	0.5758502287974488	52	14545.755514285714	84.91159062455382	84.911241165832
819	0.575850033821704	49	14545.7506	84.91153324908586	84.91124116583198
823	0.5758500428903432	45	14545.750828571428	84.91153591771184	84.911241165832
827	0.5758500179515852	43	14545.750199999998	84.9115285789905	84.91124116583202
831	0.575849760855661	46	14545.743719999998	84.9114529234633	84.91124116583202
835	0.5758501925228916	58	14545.7546	84.9115799500467	84.91124116583202
839	0.5758506315961778	61	14545.765666666666	84.9117091561052	84.91124116583202
843	0.5758508855180782	43	14545.772066666666	84.91178387772608	84.91124116583202
847	0.5758508551003504	55	14545.771299999998	84.91177492669684	84.91124116583204
851	0.575850382964317	38	14545.7594	84.91163599121662	84.911241165832
855	0.575850279808545	51	14545.7568	84.9116056355806	84.91124116583202
859	0.5758502287974488	52	14545.755514285714	84.91159062455382	84.911241165832
863	0.5758501766527728	45	14545.7542	84.91157527995004	84.91124116583202
867	0.5758500867220998	44	14545.751933333332	84.91154881607136	84.91124116583202
871	0.5758498962806744	54	14545.747133333332	84.91149277493022	84.91124116583202
875	0.5758503670941982	48	14545.759	84.91163132111842	84.91124116583202
879	0.5758501988709392	53	14545.75476	84.91158181808538	84.911241165832
883	0.575849811640041	40	14545.744999999998	84.9114678677623	84.91124116583202
887	0.575849642358774	48	14545.740733333332	84.91141805343742	84.91124116583202
891	0.5758500219191148	61	14545.7503	84.91152974651432	84.91124116583198
895	0.5758498328001994	48	14545.745533333332	84.91147409455392	84.91124116583204

Error Parameters
startMS: 1
stopMS: 1
fitSlope: 9.987317375025064e-10
fitSlope [#/s]: 8.939696671351106e-10
fitShift: 0.575849697051351
tEffBlock: 3.997765363128492
tEffStart: 0
tEffStop: 895
tFitStdev: 8.949478943476402e-07
blockSum: 10900
blockCnt: 224

List of B
MS	B	Peak(us)	Intensity	Mode
1	0.5758496085025206	14545.73988	48	START	ch1
2	0.5758496085025206	14545.73988	48	START	ch1
3	0.5758496085025206	14545.747599999998	55	1-0	ch1
4	0.5758496850758438	14545.747599999998	55	1-0	ch1
5	0.5758497616491668	14545.747599999998	55	1-0	ch1
6	0.57584983822249	14545.747599999998	55	1-0	ch1
7	0.575849914795813	14545.7544	41	2-4	ch1
8	0.5758499822438178	14545.7544	41	2-4	ch1
9	0.5758500496918226	14545.7544	41	2-4	ch1
10	0.5758501171398276	14545.7544	41	2-4	ch1
11	0.5758501845878322	14545.7498	54	3-8	ch1
12	0.5758501389612408	14545.7498	54	3-8	ch1
13	0.5758500933346492	14545.7498	54	3-8	ch1
14	0.5758500477080578	14545.7498	54	3-8	ch1
15	0.5758500020814664	14545.7413	51	4-12	ch1
16	0.5758499177714604	14545.7413	51	4-12	ch1
17	0.5758498334614544	14545.7413	51	4-12	ch1
18	0.5758497491514484	14545.7413	51	4-12	ch1
19	0.5758496648414424	14545.7336	43	5-16	ch1
20	0.5758495884664958	14545.7336	43	5-16	ch1
21	0.5758495120915492	14545.7336	43	5-16	ch1
22	0.5758494357166026	14545.7336	43	5-16	ch1
23	0.5758493593416558	14545.737799999998	35	6-20	ch1
24	0.5758494010007176	14545.737799999998	35	6-20	ch1
25	0.5758494426597794	14545.737799999998	35	6-20	ch1
26	0.5758494843188412	14545.737799999998	35	6-20	ch1
27	0.575849525977903	14545.756466666666	58	7-24	ch1
28	0.5758497111292886	14545.756466666666	58	7-24	ch1
29	0.5758498962806744	14545.756466666666	58	7-24	ch1
30	0.5758500814320602	14545.756466666666	58	7-24	ch1
31	0.5758502665834458	14545.754799999998	45	8-28	ch1
32	0.5758502500520722	14545.754799999998	45	8-28	ch1
33	0.5758502335206984	14545.754799999998	45	8-28	ch1
34	0.5758502169893248	14545.754799999998	45	8-28	ch1
35	0.5758502004579512	14545.753799999998	55	9-32	ch1
36	0.5758501905391268	14545.753799999998	55	9-32	ch1
37	0.5758501806203026	14545.753799999998	55	9-32	ch1
38	0.5758501707014784	14545.753799999998	55	9-32	ch1
39	0.5758501607826542	14545.756866666666	55	10-36	ch1
40	0.5758501912003818	14545.756866666666	55	10-36	ch1
41	0.5758502216181094	14545.756866666666	55	10-36	ch1
42	0.5758502520358372	14545.756866666666	55	10-36	ch1
43	0.5758502824535648	14545.7528	63	11-40	ch1
44	0.5758502421170128	14545.7528	63	11-40	ch1
45	0.575850201780461	14545.7528	63	11-40	ch1
46	0.575850161443909	14545.7528	63	11-40	ch1
47	0.5758501211073572	14545.752199999998	45	12-44	ch1
48	0.5758501151560628	14545.752199999998	45	12-44	ch1
49	0.5758501092047682	14545.752199999998	45	12-44	ch1
50	0.5758501032534736	14545.752199999998	45	12-44	ch1
51	0.575850097302179	14545.7438	37	13-48	ch1
52	0.5758500139840554	14545.7438	37	13-48	ch1
53	0.5758499306659318	14545.7438	37	13-48	ch1
54	0.5758498473478082	14545.7438	37	13-48	ch1
55	0.5758497640296848	14545.7398	53	14-52	ch1
56	0.5758497243543878	14545.7398	53	14-52	ch1
57	0.5758496846790908	14545.7398	53	14-52	ch1
58	0.575849645003794	14545.7398	53	14-52	ch1
59	0.575849605328497	14545.7452	51	15-56	ch1
60	0.5758496588901478	14545.7452	51	15-56	ch1
61	0.5758497124517986	14545.7452	51	15-56	ch1
62	0.5758497660134496	14545.7452	51	15-56	ch1
63	0.5758498195751004	14545.7472	49	16-60	ch1
64	0.575849839412749	14545.7472	49	16-60	ch1
65	0.5758498592503974	14545.7472	49	16-60	ch1
66	0.5758498790880458	14545.7472	49	16-60	ch1
67	0.5758498989256944	14545.740733333332	46	17-64	ch1
68	0.5758498347839642	14545.740733333332	46	17-64	ch1
69	0.5758497706422342	14545.740733333332	46	17-64	ch1
70	0.5758497065005042	14545.740733333332	46	17-64	ch1
71	0.575849642358774	14545.74388	43	18-68	ch1
72	0.5758496735700076	14545.74388	43	18-68	ch1
73	0.5758497047812412	14545.74388	43	18-68	ch1
74	0.5758497359924748	14545.74388	43	18-68	ch1
75	0.5758497672037084	14545.742333333332	42	19-72	ch1
76	0.5758497518625936	14545.742333333332	42	19-72	ch1
77	0.5758497365214788	14545.742333333332	42	19-72	ch1
78	0.575849721180364	14545.742333333332	42	19-72	ch1
79	0.5758497058392492	14545.73172	51	20-76	ch1
80	0.5758496005674614	14545.73172	51	20-76	ch1
81	0.5758494952956734	14545.73172	51	20-76	ch1
82	0.5758493900238856	14545.73172	51	20-76	ch1
83	0.5758492847520976	14545.711099999998	47	21-80	ch1
84	0.575849080225942	14545.711099999998	47	21-80	ch1
85	0.5758488756997862	14545.711099999998	47	21-80	ch1
86	0.5758486711736304	14545.711099999998	47	21-80	ch1
87	0.5758484666474748	14545.716199999998	44	22-84	ch1
88	0.5758485172334784	14545.716199999998	44	22-84	ch1
89	0.575848567819482	14545.716199999998	44	22-84	ch1
90	0.5758486184054856	14545.716199999998	44	22-84	ch1
91	0.5758486689914892	14545.714199999998	50	23-88	ch1
92	0.5758486491538406	14545.714199999998	50	23-88	ch1
93	0.5758486293161922	14545.714199999998	50	23-88	ch1
94	0.5758486094785438	14545.714199999998	50	23-88	ch1
95	0.5758485896408952	14545.721	42	24-92	ch1
96	0.5758486570889002	14545.721	42	24-92	ch1
97	0.5758487245369048	14545.721	42	24-92	ch1
98	0.5758487919849096	14545.721	42	24-92	ch1
99	0.5758488594329144	14545.72372	39	25-96	ch1
100	0.5758488864121164	14545.72372	39	25-96	ch1
101	0.5758489133913184	14545.72372	39	25-96	ch1
102	0.5758489403705204	14545.72372	39	25-96	ch1
103	0.5758489673497222	14545.729	46	26-100	ch1
104	0.5758490197211142	14545.729	46	26-100	ch1
105	0.575849072092506	14545.729	46	26-100	ch1
106	0.575849124463898	14545.729	46	26-100	ch1
107	0.57584917683529	14545.7222	54	27-104	ch1
108	0.5758491093872852	14545.7222	54	27-104	ch1
109	0.5758490419392804	14545.7222	54	27-104	ch1
110	0.5758489744912758	14545.7222	54	27-104	ch1
111	0.575848907043271	14545.7298	44	28-108	ch1
112	0.575848982426335	14545.7298	44	28-108	ch1
113	0.5758490578093992	14545.7298	44	28-108	ch1
114	0.5758491331924632	14545.7298	44	28-108	ch1
115	0.5758492085755274	14545.733	37	29-112	ch1
116	0.575849240315765	14545.733	37	29-112	ch1
117	0.5758492720560026	14545.733	37	29-112	ch1
118	0.5758493037962402	14545.733	37	29-112	ch1
119	0.5758493355364778	14545.723933333332	47	30-116	ch1
120	0.5758492456058046	14545.723933333332	47	30-116	ch1
121	0.5758491556751316	14545.723933333332	47	30-116	ch1
122	0.5758490657444586	14545.723933333332	47	30-116	ch1
123	0.5758489758137856	14545.720733333334	39	31-120	ch1
124	0.575848944073548	14545.720733333334	39	31-120	ch1
125	0.5758489123333104	14545.720733333334	39	31-120	ch1
126	0.5758488805930728	14545.720733333334	39	31-120	ch1
127	0.5758488488528354	14545.72676	38	32-124	ch1
128	0.5758489086302828	14545.72676	38	32-124	ch1
129	0.57584896840773	14545.72676	38	32-124	ch1
130	0.5758490281851774	14545.72676	38	32-124	ch1
131	0.5758490879626248	14545.736519999998	47	33-128	ch1
132	0.5758491847703494	14545.736519999998	47	33-128	ch1
133	0.575849281578074	14545.736519999998	47	33-128	ch1
134	0.5758493783857984	14545.736519999998	47	33-128	ch1
135	0.575849475193523	14545.732199999998	54	34-132	ch1
136	0.5758494323442024	14545.732199999998	54	34-132	ch1
137	0.5758493894948816	14545.732199999998	54	34-132	ch1
138	0.5758493466455608	14545.732199999998	54	34-132	ch1
139	0.5758493037962402	14545.725533333332	41	35-136	ch1
140	0.5758492376707454	14545.725533333332	41	35-136	ch1
141	0.5758491715452504	14545.725533333332	41	35-136	ch1
142	0.5758491054197556	14545.725533333332	41	35-136	ch1
143	0.5758490392942606	14545.717933333334	53	36-140	ch1
144	0.5758489639111964	14545.717933333334	53	36-140	ch1
145	0.5758488885281322	14545.717933333334	53	36-140	ch1
146	0.5758488131450682	14545.717933333334	53	36-140	ch1
147	0.5758487377620038	14545.721533333334	52	37-144	ch1
148	0.575848773469771	14545.721533333334	52	37-144	ch1
149	0.5758488091775384	14545.721533333334	52	37-144	ch1
150	0.5758488448853056	14545.721533333334	52	37-144	ch1
151	0.5758488805930728	14545.72516	56	38-148	ch1
152	0.575848916565342	14545.72516	56	38-148	ch1
153	0.5758489525376114	14545.72516	56	38-148	ch1
154	0.5758489885098806	14545.72516	56	38-148	ch1
155	0.5758490244821498	14545.725666666666	55	39-152	ch1
156	0.5758490295076872	14545.725666666666	55	39-152	ch1
157	0.575849034533225	14545.725666666666	55	39-152	ch1
158	0.5758490395587626	14545.725666666666	55	39-152	ch1
159	0.5758490445843002	14545.729457142856	54	40-156	ch1
160	0.5758490821813672	14545.729457142856	54	40-156	ch1
161	0.5758491197784344	14545.729457142856	54	40-156	ch1
162	0.5758491573755016	14545.729457142856	54	40-156	ch1
163	0.5758491949725686	14545.728599999998	45	41-160	ch1
164	0.5758491864707192	14545.728599999998	45	41-160	ch1
165	0.5758491779688698	14545.728599999998	45	41-160	ch1
166	0.5758491694670206	14545.728599999998	45	41-160	ch1
167	0.5758491609651712	14545.71684	44	42-164	ch1
168	0.5758490443197982	14545.71684	44	42-164	ch1
169	0.5758489276744252	14545.71684	44	42-164	ch1
170	0.5758488110290522	14545.71684	44	42-164	ch1
171	0.5758486943836792	14545.716733333332	46	43-168	ch1
172	0.5758486933256712	14545.716733333332	46	43-168	ch1
173	0.5758486922676634	14545.716733333332	46	43-168	ch1
174	0.5758486912096554	14545.716733333332	46	43-168	ch1
175	0.5758486901516476	14545.7212	53	44-172	ch1
176	0.5758487344557292	14545.7212	53	44-172	ch1
177	0.5758487787598108	14545.7212	53	44-172	ch1
178	0.5758488230638924	14545.7212	53	44-172	ch1
179	0.575848867367974	14545.727879999998	55	45-176	ch1
180	0.5758489336257198	14545.727879999998	55	45-176	ch1
181	0.5758489998834656	14545.727879999998	55	45-176	ch1
182	0.5758490661412116	14545.727879999998	55	45-176	ch1
183	0.5758491323989574	14545.71812	44	46-180	ch1
184	0.5758490355912328	14545.71812	44	46-180	ch1
185	0.5758489387835084	14545.71812	44	46-180	ch1
186	0.5758488419757838	14545.71812	44	46-180	ch1
187	0.5758487451680594	14545.7194	66	47-184	ch1
188	0.5758487578641542	14545.7194	66	47-184	ch1
189	0.5758487705602494	14545.7194	66	47-184	ch1
190	0.5758487832563444	14545.7194	66	47-184	ch1
191	0.5758487959524394	14545.717799999998	44	48-188	ch1
192	0.5758487800823206	14545.717799999998	44	48-188	ch1
193	0.5758487642122018	14545.717799999998	44	48-188	ch1
194	0.575848748342083	14545.717799999998	44	48-188	ch1
195	0.5758487324719642	14545.716199999998	56	49-192	ch1
196	0.5758487166018454	14545.716199999998	56	49-192	ch1
197	0.5758487007317268	14545.716199999998	56	49-192	ch1
198	0.575848684861608	14545.716199999998	56	49-192	ch1
199	0.575848668991489	14545.728	49	50-196	ch1
200	0.575848786033615	14545.728	49	50-196	ch1
201	0.575848903075741	14545.728	49	50-196	ch1
202	0.575849020117867	14545.728	49	50-196	ch1
203	0.575849137159993	14545.72676	44	51-200	ch1
204	0.575849124860651	14545.72676	44	51-200	ch1
205	0.575849112561309	14545.72676	44	51-200	ch1
206	0.5758491002619668	14545.72676	44	51-200	ch1
207	0.5758490879626248	14545.7442	49	52-204	ch1
208	0.5758492609469196	14545.7442	49	52-204	ch1
209	0.5758494339312142	14545.7442	49	52-204	ch1
210	0.5758496069155088	14545.7442	49	52-204	ch1
211	0.5758497798998036	14545.743999999998	45	53-208	ch1
212	0.5758497779160386	14545.743999999998	45	53-208	ch1
213	0.5758497759322738	14545.743999999998	45	53-208	ch1
214	0.575849773948509	14545.743999999998	45	53-208	ch1
215	0.575849771964744	14545.736314285714	50	54-212	ch1
216	0.575849695731495	14545.736314285714	50	54-212	ch1
217	0.5758496194982458	14545.736314285714	50	54-212	ch1
218	0.5758495432649966	14545.736314285714	50	54-212	ch1
219	0.5758494670317476	14545.729266666666	48	55-216	ch1
220	0.575849397127653	14545.729266666666	48	55-216	ch1
221	0.5758493272235584	14545.729266666666	48	55-216	ch1
222	0.5758492573194638	14545.729266666666	48	55-216	ch1
223	0.5758491874153692	14545.7372	39	56-220	ch1
224	0.575849266104708	14545.7372	39	56-220	ch1
225	0.575849344794047	14545.7372	39	56-220	ch1
226	0.575849423483386	14545.7372	39	56-220	ch1
227	0.575849502172725	14545.7456	31	57-224	ch1
228	0.5758495854908486	14545.7456	31	57-224	ch1
229	0.575849668808972	14545.7456	31	57-224	ch1
230	0.5758497521270956	14545.7456	31	57-224	ch1
231	0.5758498354452192	14545.7478	49	58-228	ch1
232	0.5758498572666324	14545.7478	49	58-228	ch1
233	0.5758498790880458	14545.7478	49	58-228	ch1
234	0.5758499009094592	14545.7478	49	58-228	ch1
235	0.5758499227308724	14545.753999999998	45	59-232	ch1
236	0.5758499842275826	14545.753999999998	45	59-232	ch1
237	0.575850045724293	14545.753999999998	45	59-232	ch1
238	0.5758501072210032	14545.753999999998	45	59-232	ch1
239	0.5758501687177134	14545.7516	51	60-236	ch1
240	0.5758501449125354	14545.7516	51	60-236	ch1
241	0.5758501211073572	14545.7516	51	60-236	ch1
242	0.575850097302179	14545.7516	51	60-236	ch1
243	0.575850073497001	14545.767399999998	56	61-240	ch1
244	0.5758502302144238	14545.767399999998	56	61-240	ch1
245	0.5758503869318466	14545.767399999998	56	61-240	ch1
246	0.5758505436492696	14545.767399999998	56	61-240	ch1
247	0.5758507003666924	14545.75828	53	62-244	ch1
248	0.5758506099070154	14545.75828	53	62-244	ch1
249	0.5758505194473384	14545.75828	53	62-244	ch1
250	0.5758504289876616	14545.75828	53	62-244	ch1
251	0.5758503385279844	14545.759133333334	63	63-248	ch1
252	0.5758503469920478	14545.759133333334	63	63-248	ch1
253	0.5758503554561112	14545.759133333334	63	63-248	ch1
254	0.5758503639201744	14545.759133333334	63	63-248	ch1
255	0.5758503723842378	14545.750485714284	52	64-252	ch1
256	0.5758502866100244	14545.750485714284	52	64-252	ch1
257	0.575850200835811	14545.750485714284	52	64-252	ch1
258	0.5758501150615976	14545.750485714284	52	64-252	ch1
259	0.5758500292873844	14545.75572	35	65-256	ch1
260	0.5758500812053442	14545.75572	35	65-256	ch1
261	0.5758501331233042	14545.75572	35	65-256	ch1
262	0.5758501850412644	14545.75572	35	65-256	ch1
263	0.5758502369592242	14545.772	43	66-260	ch1
264	0.5758503984376828	14545.772	43	66-260	ch1
265	0.5758505599161412	14545.772	43	66-260	ch1
266	0.5758507213945998	14545.772	43	66-260	ch1
267	0.5758508828730582	14545.767399999998	42	67-264	ch1
268	0.5758508372464668	14545.767399999998	42	67-264	ch1
269	0.5758507916198754	14545.767399999998	42	67-264	ch1
270	0.5758507459932838	14545.767399999998	42	67-264	ch1
271	0.5758507003666924	14545.751199999998	61	68-268	ch1
272	0.5758505396817398	14545.751199999998	61	68-268	ch1
273	0.5758503789967874	14545.751199999998	61	68-268	ch1
274	0.5758502183118348	14545.751199999998	61	68-268	ch1
275	0.575850057626882	14545.7536	43	69-272	ch1
276	0.5758500814320602	14545.7536	43	69-272	ch1
277	0.5758501052372384	14545.7536	43	69-272	ch1
278	0.5758501290424166	14545.7536	43	69-272	ch1
279	0.5758501528475948	14545.7642	46	70-276	ch1
280	0.5758502579871316	14545.7642	46	70-276	ch1
281	0.5758503631266686	14545.7642	46	70-276	ch1
282	0.5758504682662054	14545.7642	46	70-276	ch1
283	0.5758505734057422	14545.7658	52	71-280	ch1
284	0.575850589275861	14545.7658	52	71-280	ch1
285	0.5758506051459798	14545.7658	52	71-280	ch1
286	0.5758506210160986	14545.7658	52	71-280	ch1
287	0.5758506368862174	14545.761266666666	43	72-284	ch1
288	0.5758505919208808	14545.761266666666	43	72-284	ch1
289	0.5758505469555444	14545.761266666666	43	72-284	ch1
290	0.5758505019902078	14545.761266666666	43	72-284	ch1
291	0.5758504570248714	14545.7666	52	73-288	ch1
292	0.5758505099252672	14545.7666	52	73-288	ch1
293	0.575850562825663	14545.7666	52	73-288	ch1
294	0.575850615726059	14545.7666	52	73-288	ch1
295	0.5758506686264548	14545.778028571428	65	74-292	ch1
296	0.5758507819844462	14545.778028571428	65	74-292	ch1
297	0.5758508953424374	14545.778028571428	65	74-292	ch1
298	0.5758510087004288	14545.778028571428	65	74-292	ch1
299	0.57585112205842	14545.776399999998	47	75-296	ch1
300	0.5758511059049062	14545.776399999998	47	75-296	ch1
301	0.5758510897513924	14545.776399999998	47	75-296	ch1
302	0.5758510735978786	14545.776399999998	47	75-296	ch1
303	0.5758510574443648	14545.7612	51	76-300	ch1
304	0.5758509066782366	14545.7612	51	76-300	ch1
305	0.5758507559121082	14545.7612	51	76-300	ch1
306	0.5758506051459798	14545.7612	51	76-300	ch1
307	0.5758504543798514	14545.753266666666	55	77-304	ch1
308	0.5758503756905126	14545.753266666666	55	77-304	ch1
309	0.5758502970011736	14545.753266666666	55	77-304	ch1
310	0.5758502183118346	14545.753266666666	55	77-304	ch1
311	0.5758501396224956	14545.755599999998	53	78-308	ch1
312	0.575850162766419	14545.755599999998	53	78-308	ch1
313	0.5758501859103422	14545.755599999998	53	78-308	ch1
314	0.5758502090542654	14545.755599999998	53	78-308	ch1
315	0.5758502321981886	14545.765666666666	49	79-312	ch1
316	0.575850332047686	14545.765666666666	49	79-312	ch1
317	0.5758504318971832	14545.765666666666	49	79-312	ch1
318	0.5758505317466806	14545.765666666666	49	79-312	ch1
319	0.5758506315961778	14545.7618	51	80-316	ch1
320	0.5758505932433908	14545.7618	51	80-316	ch1
321	0.5758505548906038	14545.7618	51	80-316	ch1
322	0.5758505165378166	14545.7618	51	80-316	ch1
323	0.5758504781850296	14545.757914285714	41	81-320	ch1
324	0.5758504396433126	14545.757914285714	41	81-320	ch1
325	0.5758504011015956	14545.757914285714	41	81-320	ch1
326	0.5758503625598784	14545.757914285714	41	81-320	ch1
327	0.5758503240181614	14545.759	39	82-324	ch1
328	0.5758503347871706	14545.759	39	82-324	ch1
329	0.5758503455561798	14545.759	39	82-324	ch1
330	0.575850356325189	14545.759	39	82-324	ch1
331	0.5758503670941982	14545.76436	55	83-328	ch1
332	0.575850420259096	14545.76436	55	83-328	ch1
333	0.575850473423994	14545.76436	55	83-328	ch1
334	0.5758505265888918	14545.76436	55	83-328	ch1
335	0.5758505797537898	14545.7588	53	84-332	ch1
336	0.575850524605127	14545.7588	53	84-332	ch1
337	0.5758504694564642	14545.7588	53	84-332	ch1
338	0.5758504143078016	14545.7588	53	84-332	ch1
339	0.5758503591591388	14545.75517142857	44	85-336	ch1
340	0.5758503231679766	14545.75517142857	44	85-336	ch1
341	0.5758502871768144	14545.75517142857	44	85-336	ch1
342	0.575850251185652	14545.75517142857	44	85-336	ch1
343	0.5758502151944898	14545.76212	57	86-340	ch1
344	0.5758502841161486	14545.76212	57	86-340	ch1
345	0.5758503530378072	14545.76212	57	86-340	ch1
346	0.575850421959466	14545.76212	57	86-340	ch1
347	0.5758504908811246	14545.766333333334	46	87-344	ch1
348	0.5758505326724376	14545.766333333334	46	87-344	ch1
349	0.5758505744637502	14545.766333333334	46	87-344	ch1
350	0.575850616255063	14545.766333333334	46	87-344	ch1
351	0.5758506580463758	14545.7604	39	88-348	ch1
352	0.5758505991946852	14545.7604	39	88-348	ch1
353	0.5758505403429948	14545.7604	39	88-348	ch1
354	0.5758504814913044	14545.7604	39	88-348	ch1
355	0.5758504226396138	14545.764644444444	47	89-352	ch1
356	0.5758504647395122	14545.764644444444	47	89-352	ch1
357	0.5758505068394106	14545.764644444444	47	89-352	ch1
358	0.5758505489393092	14545.764644444444	47	89-352	ch1
359	0.5758505910392074	14545.7758	56	90-356	ch1
360	0.5758507016892022	14545.7758	56	90-356	ch1
361	0.575850812339197	14545.7758	56	90-356	ch1
362	0.5758509229891918	14545.7758	56	90-356	ch1
363	0.5758510336391868	14545.781	52	91-360	ch1
364	0.5758510852170726	14545.781	52	91-360	ch1
365	0.5758511367949588	14545.781	52	91-360	ch1
366	0.5758511883728448	14545.781	52	91-360	ch1
367	0.5758512399507308	14545.770499999998	55	92-364	ch1
368	0.5758511358030762	14545.770499999998	55	92-364	ch1
369	0.5758510316554218	14545.770499999998	55	92-364	ch1
370	0.5758509275077676	14545.770499999998	55	92-364	ch1
371	0.575850823360113	14545.768885714286	53	93-368	ch1
372	0.5758508073482966	14545.768885714286	53	93-368	ch1
373	0.5758507913364804	14545.768885714286	53	93-368	ch1
374	0.5758507753246642	14545.768885714286	53	93-368	ch1
375	0.575850759312848	14545.7734	56	94-372	ch1
376	0.5758508040892546	14545.7734	56	94-372	ch1
377	0.5758508488656612	14545.7734	56	94-372	ch1
378	0.5758508936420678	14545.7734	56	94-372	ch1
379	0.575850938418474	14545.775399999998	36	95-376	ch1
380	0.5758509582561226	14545.775399999998	36	95-376	ch1
381	0.575850978093771	14545.775399999998	36	95-376	ch1
382	0.5758509979314194	14545.775399999998	36	95-376	ch1
383	0.575851017769068	14545.7786	50	96-380	ch1
384	0.5758510495093054	14545.7786	50	96-380	ch1
385	0.575851081249543	14545.7786	50	96-380	ch1
386	0.5758511129897806	14545.7786	50	96-380	ch1
387	0.5758511447300182	14545.7694	53	97-384	ch1
388	0.5758510534768352	14545.7694	53	97-384	ch1
389	0.5758509622236522	14545.7694	53	97-384	ch1
390	0.5758508709704692	14545.7694	53	97-384	ch1
391	0.5758507797172864	14545.77508	44	98-388	ch1
392	0.575850836056208	14545.77508	44	98-388	ch1
393	0.5758508923951296	14545.77508	44	98-388	ch1
394	0.5758509487340512	14545.77508	44	98-388	ch1
395	0.575851005072973	14545.772657142856	58	99-392	ch1
396	0.5758509810410788	14545.772657142856	58	99-392	ch1
397	0.5758509570091846	14545.772657142856	58	99-392	ch1
398	0.5758509329772906	14545.772657142856	58	99-392	ch1
399	0.5758509089453964	14545.7768	53	100-396	ch1
400	0.5758509500376682	14545.7768	53	100-396	ch1
401	0.57585099112994	14545.7768	53	100-396	ch1
402	0.5758510322222118	14545.7768	53	100-396	ch1
403	0.5758510733144836	14545.772314285714	43	101-400	ch1
404	0.575851028821472	14545.772314285714	43	101-400	ch1
405	0.5758509843284606	14545.772314285714	43	101-400	ch1
406	0.575850939835449	14545.772314285714	43	101-400	ch1
407	0.5758508953424376	14545.7686	54	102-404	ch1
408	0.5758508585010904	14545.7686	54	102-404	ch1
409	0.5758508216597432	14545.7686	54	102-404	ch1
410	0.575850784818396	14545.7686	54	102-404	ch1
411	0.5758507479770488	14545.772466666666	51	103-408	ch1
412	0.5758507863298358	14545.772466666666	51	103-408	ch1
413	0.5758508246826228	14545.772466666666	51	103-408	ch1
414	0.5758508630354098	14545.772466666666	51	103-408	ch1
415	0.5758509013881968	14545.7783	53	104-412	ch1
416	0.575850959248005	14545.7783	53	104-412	ch1
417	0.575851017107813	14545.7783	53	104-412	ch1
418	0.575851074967621	14545.7783	53	104-412	ch1
419	0.5758511328274292	14545.777533333332	48	105-416	ch1
420	0.5758511252229972	14545.777533333332	48	105-416	ch1
421	0.5758511176185652	14545.777533333332	48	105-416	ch1
422	0.5758511100141332	14545.777533333332	48	105-416	ch1
423	0.5758511024097014	14545.7794	51	106-420	ch1
424	0.57585112092484	14545.7794	51	106-420	ch1
425	0.5758511394399786	14545.7794	51	106-420	ch1
426	0.5758511579551172	14545.7794	51	106-420	ch1
427	0.575851176470256	14545.768	51	107-424	ch1
428	0.5758510633956596	14545.768	51	107-424	ch1
429	0.5758509503210634	14545.768	51	107-424	ch1
430	0.575850837246467	14545.768	51	107-424	ch1
431	0.5758507241718708	14545.7562	44	108-428	ch1
432	0.5758506071297448	14545.7562	44	108-428	ch1
433	0.5758504900876188	14545.7562	44	108-428	ch1
434	0.5758503730454928	14545.7562	44	108-428	ch1
435	0.5758502560033668	14545.75172	52	109-432	ch1
436	0.5758502115670342	14545.75172	52	109-432	ch1
437	0.5758501671307016	14545.75172	52	109-432	ch1
438	0.5758501226943692	14545.75172	52	109-432	ch1
439	0.5758500782580366	14545.7544	55	110-436	ch1
440	0.5758501048404854	14545.7544	55	110-436	ch1
441	0.5758501314229344	14545.7544	55	110-436	ch1
442	0.5758501580053832	14545.7544	55	110-436	ch1
443	0.5758501845878322	14545.767399999998	44	111-440	ch1
444	0.5758503135325472	14545.767399999998	44	111-440	ch1
445	0.5758504424772622	14545.767399999998	44	111-440	ch1
446	0.5758505714219774	14545.767399999998	44	111-440	ch1
447	0.5758507003666924	14545.7706	52	112-444	ch1
448	0.57585073210693	14545.7706	52	112-444	ch1
449	0.5758507638471676	14545.7706	52	112-444	ch1
450	0.575850795587405	14545.7706	52	112-444	ch1
451	0.5758508273276426	14545.775533333334	57	113-448	ch1
452	0.5758508762605088	14545.775533333334	57	113-448	ch1
453	0.5758509251933752	14545.775533333334	57	113-448	ch1
454	0.5758509741262414	14545.775533333334	57	113-448	ch1
455	0.5758510230591076	14545.7666	53	114-452	ch1
456	0.5758509344509444	14545.7666	53	114-452	ch1
457	0.5758508458427812	14545.7666	53	114-452	ch1
458	0.5758507572346182	14545.7666	53	114-452	ch1
459	0.5758506686264548	14545.765533333334	56	115-456	ch1
460	0.5758506580463756	14545.765533333334	56	115-456	ch1
461	0.5758506474662964	14545.765533333334	56	115-456	ch1
462	0.5758506368862174	14545.765533333334	56	115-456	ch1
463	0.5758506263061384	14545.7618	40	116-460	ch1
464	0.5758505892758612	14545.7618	40	116-460	ch1
465	0.575850552245584	14545.7618	40	116-460	ch1
466	0.5758505152153068	14545.7618	40	116-460	ch1
467	0.5758504781850296	14545.758333333334	40	117-464	ch1
468	0.5758504437997722	14545.758333333334	40	117-464	ch1
469	0.5758504094145148	14545.758333333334	40	117-464	ch1
470	0.5758503750292576	14545.758333333334	40	117-464	ch1
471	0.5758503406440002	14545.75684	32	118-468	ch1
472	0.5758503258318894	14545.75684	32	118-468	ch1
473	0.5758503110197786	14545.75684	32	118-468	ch1
474	0.5758502962076676	14545.75684	32	118-468	ch1
475	0.5758502813955568	14545.7585	59	119-472	ch1
476	0.575850297860805	14545.7585	59	119-472	ch1
477	0.5758503143260534	14545.7585	59	119-472	ch1
478	0.5758503307913016	14545.7585	59	119-472	ch1
479	0.5758503472565498	14545.757399999998	42	120-476	ch1
480	0.575850336345843	14545.757399999998	42	120-476	ch1
481	0.5758503254351364	14545.757399999998	42	120-476	ch1
482	0.5758503145244298	14545.757399999998	42	120-476	ch1
483	0.575850303613723	14545.767133333332	47	121-480	ch1
484	0.5758504001569458	14545.767133333332	47	121-480	ch1
485	0.5758504967001682	14545.767133333332	47	121-480	ch1
486	0.5758505932433908	14545.767133333332	47	121-480	ch1
487	0.5758506897866132	14545.7598	34	122-484	ch1
488	0.5758506170485688	14545.7598	34	122-484	ch1
489	0.5758505443105244	14545.7598	34	122-484	ch1
490	0.57585047157248	14545.7598	34	122-484	ch1
491	0.5758503988344358	14545.766066666666	62	123-488	ch1
492	0.5758504609924008	14545.766066666666	62	123-488	ch1
493	0.575850523150366	14545.766066666666	62	123-488	ch1
494	0.5758505853083312	14545.766066666666	62	123-488	ch1
495	0.5758506474662964	14545.773159999998	58	124-492	ch1
496	0.575850717823823	14545.773159999998	58	124-492	ch1
497	0.5758507881813496	14545.773159999998	58	124-492	ch1
498	0.5758508585388762	14545.773159999998	58	124-492	ch1
499	0.5758509288964028	14545.773	46	125-496	ch1
500	0.575850927309391	14545.773	46	125-496	ch1
501	0.5758509257223792	14545.773	46	125-496	ch1
502	0.5758509241353672	14545.773	46	125-496	ch1
503	0.5758509225483556	14545.77492	49	126-500	ch1
504	0.575850941592498	14545.77492	49	126-500	ch1
505	0.5758509606366404	14545.77492	49	126-500	ch1
506	0.575850979680783	14545.77492	49	126-500	ch1
507	0.5758509987249254	14545.7586	46	127-504	ch1
508	0.575850836849714	14545.7586	46	127-504	ch1
509	0.5758506749745024	14545.7586	46	127-504	ch1
510	0.5758505130992908	14545.7586	46	127-504	ch1
511	0.5758503512240794	14545.757	54	128-508	ch1
512	0.5758503353539606	14545.757	54	128-508	ch1
513	0.5758503194838418	14545.757	54	128-508	ch1
514	0.575850303613723	14545.757	54	128-508	ch1
515	0.5758502877436042	14545.762066666666	46	129-512	ch1
516	0.5758503379989804	14545.762066666666	46	129-512	ch1
517	0.5758503882543566	14545.762066666666	46	129-512	ch1
518	0.5758504385097328	14545.762066666666	46	129-512	ch1
519	0.5758504887651088	14545.753799999998	51	130-516	ch1
520	0.5758504067694952	14545.753799999998	51	130-516	ch1
521	0.5758503247738814	14545.753799999998	51	130-516	ch1
522	0.5758502427782678	14545.753799999998	51	130-516	ch1
523	0.5758501607826542	14545.75028	51	131-520	ch1
524	0.5758501258683928	14545.75028	51	131-520	ch1
525	0.5758500909541314	14545.75028	51	131-520	ch1
526	0.5758500560398702	14545.75028	51	131-520	ch1
527	0.575850021125609	14545.755266666666	47	132-524	ch1
528	0.5758500705874792	14545.755266666666	47	132-524	ch1
529	0.5758501200493492	14545.755266666666	47	132-524	ch1
530	0.5758501695112194	14545.755266666666	47	132-524	ch1
531	0.5758502189730896	14545.7608	49	133-528	ch1
532	0.5758502738572504	14545.7608	49	133-528	ch1
533	0.5758503287414112	14545.7608	49	133-528	ch1
534	0.5758503836255718	14545.7608	49	133-528	ch1
535	0.5758504385097326	14545.7612	43	134-532	ch1
536	0.5758504424772624	14545.7612	43	134-532	ch1
537	0.575850446444792	14545.7612	43	134-532	ch1
538	0.5758504504123216	14545.7612	43	134-532	ch1
539	0.5758504543798514	14545.758066666666	46	135-536	ch1
540	0.5758504233008688	14545.758066666666	46	135-536	ch1
541	0.5758503922218862	14545.758066666666	46	135-536	ch1
542	0.5758503611429036	14545.758066666666	46	135-536	ch1
543	0.5758503300639212	14545.762066666666	42	136-540	ch1
544	0.575850369739218	14545.762066666666	42	136-540	ch1
545	0.575850409414515	14545.762066666666	42	136-540	ch1
546	0.575850449089812	14545.762066666666	42	136-540	ch1
547	0.5758504887651088	14545.7698	55	137-544	ch1
548	0.5758505654706828	14545.7698	55	137-544	ch1
549	0.575850642176257	14545.7698	55	137-544	ch1
550	0.575850718881831	14545.7698	55	137-544	ch1
551	0.5758507955874052	14545.763628571428	59	138-548	ch1
552	0.5758507343740898	14545.763628571428	59	138-548	ch1
553	0.5758506731607746	14545.763628571428	59	138-548	ch1
554	0.5758506119474592	14545.763628571428	59	138-548	ch1
555	0.575850550734144	14545.7582	41	139-552	ch1
556	0.5758504968890982	14545.7582	41	139-552	ch1
557	0.5758504430440524	14545.7582	41	139-552	ch1
558	0.5758503891990066	14545.7582	41	139-552	ch1
559	0.5758503353539608	14545.7554	53	140-556	ch1
560	0.575850307581253	14545.7554	53	140-556	ch1
561	0.575850279808545	14545.7554	53	140-556	ch1
562	0.5758502520358372	14545.7554	53	140-556	ch1
563	0.5758502242631292	14545.75492	50	141-560	ch1
564	0.5758502195020936	14545.75492	50	141-560	ch1
565	0.575850214741058	14545.75492	50	141-560	ch1
566	0.5758502099800222	14545.75492	50	141-560	ch1
567	0.5758502052189868	14545.760999999998	38	142-564	ch1
568	0.5758502655254382	14545.760999999998	38	142-564	ch1
569	0.5758503258318894	14545.760999999998	38	142-564	ch1
570	0.5758503861383406	14545.760999999998	38	142-564	ch1
571	0.575850446444792	14545.77092	46	143-568	ch1
572	0.5758505448395284	14545.77092	46	143-568	ch1
573	0.5758506432342648	14545.77092	46	143-568	ch1
574	0.5758507416290014	14545.77092	46	143-568	ch1
575	0.5758508400237378	14545.772466666666	43	144-572	ch1
576	0.5758508553648526	14545.772466666666	43	144-572	ch1
577	0.5758508707059674	14545.772466666666	43	144-572	ch1
578	0.5758508860470822	14545.772466666666	43	144-572	ch1
579	0.5758509013881968	14545.755	53	145-576	ch1
580	0.5758507281394002	14545.755	53	145-576	ch1
581	0.5758505548906036	14545.755	53	145-576	ch1
582	0.575850381641807	14545.755	53	145-576	ch1
583	0.5758502083930104	14545.74596	48	146-580	ch1
584	0.5758501187268394	14545.74596	48	146-580	ch1
585	0.5758500290606684	14545.74596	48	146-580	ch1
586	0.5758499393944972	14545.74596	48	146-580	ch1
587	0.5758498497283262	14545.756	45	147-584	ch1
588	0.5758499493133214	14545.756	45	147-584	ch1
589	0.5758500488983168	14545.756	45	147-584	ch1
590	0.5758501484833122	14545.756	45	147-584	ch1
591	0.5758502480683074	14545.760999999998	48	148-588	ch1
592	0.5758502976624286	14545.760999999998	48	148-588	ch1
593	0.5758503472565498	14545.760999999998	48	148-588	ch1
594	0.575850396850671	14545.760999999998	48	148-588	ch1
595	0.575850446444792	14545.7616	49	149-592	ch1
596	0.5758504523960866	14545.7616	49	149-592	ch1
597	0.575850458347381	14545.7616	49	149-592	ch1
598	0.5758504642986756	14545.7616	49	149-592	ch1
599	0.57585047024997	14545.758828571428	45	150-596	ch1
600	0.5758504427606572	14545.758828571428	45	150-596	ch1
601	0.5758504152713444	14545.758828571428	45	150-596	ch1
602	0.5758503877820316	14545.758828571428	45	150-596	ch1
603	0.5758503602927188	14545.77204	43	151-600	ch1
604	0.5758504913345568	14545.77204	43	151-600	ch1
605	0.5758506223763946	14545.77204	43	151-600	ch1
606	0.5758507534182324	14545.77204	43	151-600	ch1
607	0.57585088446007	14545.766866666666	55	152-604	ch1
608	0.5758508331466862	14545.766866666666	55	152-604	ch1
609	0.5758507818333022	14545.766866666666	55	152-604	ch1
610	0.5758507305199182	14545.766866666666	55	152-604	ch1
611	0.5758506792065342	14545.755	43	153-608	ch1
612	0.5758505615031532	14545.755	43	153-608	ch1
613	0.5758504437997722	14545.755	43	153-608	ch1
614	0.5758503260963914	14545.755	43	153-608	ch1
615	0.5758502083930104	14545.756466666666	47	154-612	ch1
616	0.5758502229406194	14545.756466666666	47	154-612	ch1
617	0.5758502374882282	14545.756466666666	47	154-612	ch1
618	0.5758502520358372	14545.756466666666	47	154-612	ch1
619	0.5758502665834458	14545.776314285712	52	155-616	ch1
620	0.5758504634484908	14545.776314285712	52	155-616	ch1
621	0.5758506603135356	14545.776314285712	52	155-616	ch1
622	0.5758508571785804	14545.776314285712	52	155-616	ch1
623	0.5758510540436252	14545.753639999998	36	156-620	ch1
624	0.5758508291413704	14545.753639999998	36	156-620	ch1
625	0.5758506042391158	14545.753639999998	36	156-620	ch1
626	0.5758503793368612	14545.753639999998	36	156-620	ch1
627	0.5758501544346066	14545.751133333334	47	157-624	ch1
628	0.5758501295714206	14545.751133333334	47	157-624	ch1
629	0.5758501047082344	14545.751133333334	47	157-624	ch1
630	0.5758500798450484	14545.751133333334	47	157-624	ch1
631	0.5758500549818622	14545.7564	41	158-628	ch1
632	0.5758501072210032	14545.7564	41	158-628	ch1
633	0.5758501594601442	14545.7564	41	158-628	ch1
634	0.5758502116992852	14545.7564	41	158-628	ch1
635	0.5758502639384262	14545.774599999998	49	159-632	ch1
636	0.5758504444610272	14545.774599999998	49	159-632	ch1
637	0.5758506249836284	14545.774599999998	49	159-632	ch1
638	0.5758508055062294	14545.774599999998	49	159-632	ch1
639	0.5758509860288304	14545.777	44	160-636	ch1
640	0.5758510098340086	14545.777	44	160-636	ch1
641	0.5758510336391868	14545.777	44	160-636	ch1
642	0.5758510574443648	14545.777	44	160-636	ch1
643	0.5758510812495432	14545.7586	43	161-640	ch1
644	0.5758508987431772	14545.7586	43	161-640	ch1
645	0.5758507162368114	14545.7586	43	161-640	ch1
646	0.5758505337304454	14545.7586	43	161-640	ch1
647	0.5758503512240794	14545.758066666666	47	162-644	ch1
648	0.5758503459340398	14545.758066666666	47	162-644	ch1
649	0.5758503406440002	14545.758066666666	47	162-644	ch1
650	0.5758503353539606	14545.758066666666	47	162-644	ch1
651	0.5758503300639212	14545.7562	48	163-648	ch1
652	0.5758503115487824	14545.7562	48	163-648	ch1
653	0.575850293033644	14545.7562	48	163-648	ch1
654	0.5758502745185054	14545.7562	48	163-648	ch1
655	0.5758502560033668	14545.7496	47	164-652	ch1
656	0.5758501905391268	14545.7496	47	164-652	ch1
657	0.575850125074887	14545.7496	47	164-652	ch1
658	0.575850059610647	14545.7496	47	164-652	ch1
659	0.5758499941464068	14545.7514	52	165-656	ch1
660	0.5758500120002906	14545.7514	52	165-656	ch1
661	0.5758500298541742	14545.7514	52	165-656	ch1
662	0.5758500477080578	14545.7514	52	165-656	ch1
663	0.5758500655619414	14545.768733333332	52	166-660	ch1
664	0.5758502374882282	14545.768733333332	52	166-660	ch1
665	0.575850409414515	14545.768733333332	52	166-660	ch1
666	0.5758505813408018	14545.768733333332	52	166-660	ch1
667	0.5758507532670884	14545.757266666666	46	167-664	ch1
668	0.5758506395312372	14545.757266666666	46	167-664	ch1
669	0.575850525795386	14545.757266666666	46	167-664	ch1
670	0.5758504120595348	14545.757266666666	46	167-664	ch1
671	0.5758502983236834	14545.7594	40	168-668	ch1
672	0.5758503194838418	14545.7594	40	168-668	ch1
673	0.5758503406440002	14545.7594	40	168-668	ch1
674	0.5758503618041586	14545.7594	40	168-668	ch1
675	0.575850382964317	14545.753799999998	54	169-672	ch1
676	0.5758503274189012	14545.753799999998	54	169-672	ch1
677	0.5758502718734856	14545.753799999998	54	169-672	ch1
678	0.5758502163280698	14545.753799999998	54	169-672	ch1
679	0.5758501607826542	14545.7402	46	170-676	ch1
680	0.5758500258866446	14545.7402	46	170-676	ch1
681	0.575849890990635	14545.7402	46	170-676	ch1
682	0.5758497560946254	14545.7402	46	170-676	ch1
683	0.5758496211986158	14545.741	40	171-680	ch1
684	0.5758496291336752	14545.741	40	171-680	ch1
685	0.5758496370687346	14545.741	40	171-680	ch1
686	0.575849645003794	14545.741	40	171-680	ch1
687	0.5758496529388534	14545.7578	50	172-684	ch1
688	0.5758498195751004	14545.7578	50	172-684	ch1
689	0.5758499862113476	14545.7578	50	172-684	ch1
690	0.5758501528475948	14545.7578	50	172-684	ch1
691	0.5758503194838418	14545.759666666666	44	173-688	ch1
692	0.5758503379989804	14545.759666666666	44	173-688	ch1
693	0.575850356514119	14545.759666666666	44	173-688	ch1
694	0.5758503750292576	14545.759666666666	44	173-688	ch1
695	0.575850393544396	14545.742199999998	46	174-692	ch1
696	0.5758502202955994	14545.742199999998	46	174-692	ch1
697	0.5758500470468028	14545.742199999998	46	174-692	ch1
698	0.5758498737980062	14545.742199999998	46	174-692	ch1
699	0.5758497005492096	14545.76004	74	175-696	ch1
700	0.575849877501034	14545.76004	74	175-696	ch1
701	0.5758500544528582	14545.76004	74	175-696	ch1
702	0.5758502314046826	14545.76004	74	175-696	ch1
703	0.575850408356507	14545.7603	63	176-700	ch1
704	0.5758504109354012	14545.7603	63	176-700	ch1
705	0.5758504135142956	14545.7603	63	176-700	ch1
706	0.57585041609319	14545.7603	63	176-700	ch1
707	0.5758504186720844	14545.77012	51	177-704	ch1
708	0.5758505160749382	14545.77012	51	177-704	ch1
709	0.5758506134777922	14545.77012	51	177-704	ch1
710	0.5758507108806462	14545.77012	51	177-704	ch1
711	0.5758508082835002	14545.762333333332	68	178-708	ch1
712	0.575850731048922	14545.762333333332	68	178-708	ch1
713	0.575850653814344	14545.762333333332	68	178-708	ch1
714	0.575850576579766	14545.762333333332	68	178-708	ch1
715	0.575850499345188	14545.771514285714	58	179-712	ch1
716	0.575850590409441	14545.771514285714	58	179-712	ch1
717	0.575850681473694	14545.771514285714	58	179-712	ch1
718	0.575850772537947	14545.771514285714	58	179-712	ch1
719	0.5758508636022	14545.76932	44	180-716	ch1
720	0.5758508418374656	14545.76932	44	180-716	ch1
721	0.5758508200727314	14545.76932	44	180-716	ch1
722	0.575850798307997	14545.76932	44	180-716	ch1
723	0.5758507765432626	14545.769	50	181-720	ch1
724	0.5758507733692388	14545.769	50	181-720	ch1
725	0.575850770195215	14545.769	50	181-720	ch1
726	0.5758507670211914	14545.769	50	181-720	ch1
727	0.5758507638471676	14545.772	57	182-724	ch1
728	0.5758507936036404	14545.772	57	182-724	ch1
729	0.575850823360113	14545.772	57	182-724	ch1
730	0.5758508531165856	14545.772	57	182-724	ch1
731	0.5758508828730584	14545.754733333334	55	183-728	ch1
732	0.5758507116080266	14545.754733333334	55	183-728	ch1
733	0.5758505403429948	14545.754733333334	55	183-728	ch1
734	0.5758503690779632	14545.754733333334	55	183-728	ch1
735	0.5758501978129312	14545.766066666666	59	184-732	ch1
736	0.5758503102262726	14545.766066666666	59	184-732	ch1
737	0.5758504226396138	14545.766066666666	59	184-732	ch1
738	0.5758505350529552	14545.766066666666	59	184-732	ch1
739	0.5758506474662964	14545.752733333332	48	185-736	ch1
740	0.5758505152153066	14545.752733333332	48	185-736	ch1
741	0.575850382964317	14545.752733333332	48	185-736	ch1
742	0.5758502507133272	14545.752733333332	48	185-736	ch1
743	0.5758501184623372	14545.754333333332	43	186-740	ch1
744	0.575850134332456	14545.754333333332	43	186-740	ch1
745	0.5758501502025748	14545.754333333332	43	186-740	ch1
746	0.5758501660726936	14545.754333333332	43	186-740	ch1
747	0.5758501819428124	14545.7546	40	187-744	ch1
748	0.5758501845878322	14545.7546	40	187-744	ch1
749	0.575850187232852	14545.7546	40	187-744	ch1
750	0.5758501898778718	14545.7546	40	187-744	ch1
751	0.5758501925228916	14545.750199999998	56	188-748	ch1
752	0.575850148880065	14545.750199999998	56	188-748	ch1
753	0.5758501052372384	14545.750199999998	56	188-748	ch1
754	0.5758500615944118	14545.750199999998	56	188-748	ch1
755	0.5758500179515852	14545.7554	45	189-752	ch1
756	0.575850069529471	14545.7554	45	189-752	ch1
757	0.5758501211073572	14545.7554	45	189-752	ch1
758	0.5758501726852432	14545.7554	45	189-752	ch1
759	0.5758502242631292	14545.741	46	190-756	ch1
760	0.5758500814320602	14545.741	46	190-756	ch1
761	0.5758499386009912	14545.741	46	190-756	ch1
762	0.5758497957699222	14545.741	46	190-756	ch1
763	0.5758496529388534	14545.7444	35	191-760	ch1
764	0.5758496866628558	14545.7444	35	191-760	ch1
765	0.5758497203868582	14545.7444	35	191-760	ch1
766	0.5758497541108606	14545.7444	35	191-760	ch1
767	0.5758497878348628	14545.752199999998	43	192-764	ch1
768	0.5758498652016918	14545.752199999998	43	192-764	ch1
769	0.5758499425685208	14545.752199999998	43	192-764	ch1
770	0.57585001993535	14545.752199999998	43	192-764	ch1
771	0.575850097302179	14545.76	41	193-768	ch1
772	0.575850174669008	14545.76	41	193-768	ch1
773	0.575850252035837	14545.76	41	193-768	ch1
774	0.575850329402666	14545.76	41	193-768	ch1
775	0.575850406769495	14545.759	43	194-772	ch1
776	0.5758503968506708	14545.759	43	194-772	ch1
777	0.5758503869318466	14545.759	43	194-772	ch1
778	0.5758503770130224	14545.759	43	194-772	ch1
779	0.5758503670941982	14545.748333333332	57	195-776	ch1
780	0.5758502612934062	14545.748333333332	57	195-776	ch1
781	0.5758501554926144	14545.748333333332	57	195-776	ch1
782	0.5758500496918226	14545.748333333332	57	195-776	ch1
783	0.5758499438910308	14545.7508	51	196-780	ch1
784	0.575849968357464	14545.7508	51	196-780	ch1
785	0.575849992823897	14545.7508	51	196-780	ch1
786	0.5758500172903302	14545.7508	51	196-780	ch1
787	0.5758500417567634	14545.7482	44	197-784	ch1
788	0.5758500159678204	14545.7482	44	197-784	ch1
789	0.5758499901788774	14545.7482	44	197-784	ch1
790	0.5758499643899344	14545.7482	44	197-784	ch1
791	0.5758499386009912	14545.756866666666	49	198-788	ch1
792	0.5758500245641346	14545.756866666666	49	198-788	ch1
793	0.575850110527278	14545.756866666666	49	198-788	ch1
794	0.5758501964904214	14545.756866666666	49	198-788	ch1
795	0.5758502824535648	14545.753799999998	46	199-792	ch1
796	0.5758502520358372	14545.753799999998	46	199-792	ch1
797	0.5758502216181094	14545.753799999998	46	199-792	ch1
798	0.5758501912003818	14545.753799999998	46	199-792	ch1
799	0.5758501607826542	14545.7526	57	200-796	ch1
800	0.575850148880065	14545.7526	57	200-796	ch1
801	0.575850136977476	14545.7526	57	200-796	ch1
802	0.575850125074887	14545.7526	57	200-796	ch1
803	0.5758501131722978	14545.7478	52	201-800	ch1
804	0.5758500655619414	14545.7478	52	201-800	ch1
805	0.5758500179515852	14545.7478	52	201-800	ch1
806	0.5758499703412288	14545.7478	52	201-800	ch1
807	0.5758499227308724	14545.7474	51	202-804	ch1
808	0.5758499187633428	14545.7474	51	202-804	ch1
809	0.575849914795813	14545.7474	51	202-804	ch1
810	0.5758499108282834	14545.7474	51	202-804	ch1
811	0.5758499068607538	14545.755514285714	52	203-808	ch1
812	0.5758499873449276	14545.755514285714	52	203-808	ch1
813	0.5758500678291014	14545.755514285714	52	203-808	ch1
814	0.5758501483132752	14545.755514285714	52	203-808	ch1
815	0.5758502287974488	14545.7506	49	204-812	ch1
816	0.5758501800535126	14545.7506	49	204-812	ch1
817	0.5758501313095764	14545.7506	49	204-812	ch1
818	0.5758500825656402	14545.7506	49	204-812	ch1
819	0.575850033821704	14545.750828571428	45	205-816	ch1
820	0.5758500360888638	14545.750828571428	45	205-816	ch1
821	0.5758500383560236	14545.750828571428	45	205-816	ch1
822	0.5758500406231834	14545.750828571428	45	205-816	ch1
823	0.5758500428903432	14545.750199999998	43	206-820	ch1
824	0.5758500366556538	14545.750199999998	43	206-820	ch1
825	0.5758500304209642	14545.750199999998	43	206-820	ch1
826	0.5758500241862746	14545.750199999998	43	206-820	ch1
827	0.5758500179515852	14545.743719999998	46	207-824	ch1
828	0.575849953677604	14545.743719999998	46	207-824	ch1
829	0.575849889403623	14545.743719999998	46	207-824	ch1
830	0.575849825129642	14545.743719999998	46	207-824	ch1
831	0.5758497608556608	14545.7546	58	208-828	ch1
832	0.5758498687724686	14545.7546	58	208-828	ch1
833	0.5758499766892762	14545.7546	58	208-828	ch1
834	0.575850084606084	14545.7546	58	208-828	ch1
835	0.5758501925228916	14545.765666666666	61	209-832	ch1
836	0.5758503022912132	14545.765666666666	61	209-832	ch1
837	0.5758504120595348	14545.765666666666	61	209-832	ch1
838	0.5758505218278562	14545.765666666666	61	209-832	ch1
839	0.5758506315961778	14545.772066666666	43	210-836	ch1
840	0.575850695076653	14545.772066666666	43	210-836	ch1
841	0.575850758557128	14545.772066666666	43	210-836	ch1
842	0.5758508220376032	14545.772066666666	43	210-836	ch1
843	0.5758508855180782	14545.771299999998	55	211-840	ch1
844	0.5758508779136464	14545.771299999998	55	211-840	ch1
845	0.5758508703092144	14545.771299999998	55	211-840	ch1
846	0.5758508627047824	14545.771299999998	55	211-840	ch1
847	0.5758508551003504	14545.7594	38	212-844	ch1
848	0.575850737066342	14545.7594	38	212-844	ch1
849	0.5758506190323336	14545.7594	38	212-844	ch1
850	0.5758505009983252	14545.7594	38	212-844	ch1
851	0.575850382964317	14545.7568	51	213-848	ch1
852	0.5758503571753738	14545.7568	51	213-848	ch1
853	0.5758503313864308	14545.7568	51	213-848	ch1
854	0.5758503055974878	14545.7568	51	213-848	ch1
855	0.575850279808545	14545.755514285714	52	214-852	ch1
856	0.5758502670557708	14545.755514285714	52	214-852	ch1
857	0.575850254302997	14545.755514285714	52	214-852	ch1
858	0.575850241550223	14545.755514285714	52	214-852	ch1
859	0.5758502287974488	14545.7542	45	215-856	ch1
860	0.5758502157612798	14545.7542	45	215-856	ch1
861	0.5758502027251108	14545.7542	45	215-856	ch1
862	0.5758501896889418	14545.7542	45	215-856	ch1
863	0.5758501766527728	14545.751933333332	44	216-860	ch1
864	0.5758501541701046	14545.751933333332	44	216-860	ch1
865	0.5758501316874364	14545.751933333332	44	216-860	ch1
866	0.575850109204768	14545.751933333332	44	216-860	ch1
867	0.5758500867220998	14545.747133333332	54	217-864	ch1
868	0.5758500391117434	14545.747133333332	54	217-864	ch1
869	0.575849991501387	14545.747133333332	54	217-864	ch1
870	0.5758499438910308	14545.747133333332	54	217-864	ch1
871	0.5758498962806744	14545.759	48	218-868	ch1
872	0.5758500139840554	14545.759	48	218-868	ch1
873	0.5758501316874364	14545.759	48	218-868	ch1
874	0.5758502493908172	14545.759	48	218-868	ch1
875	0.5758503670941982	14545.75476	53	219-872	ch1
876	0.5758503250383834	14545.75476	53	219-872	ch1
877	0.5758502829825686	14545.75476	53	219-872	ch1
878	0.575850240926754	14545.75476	53	219-872	ch1
879	0.575850198870939	14545.744999999998	40	220-876	ch1
880	0.5758501020632146	14545.744999999998	40	220-876	ch1
881	0.57585000525549	14545.744999999998	40	220-876	ch1
882	0.5758499084477656	14545.744999999998	40	220-876	ch1
883	0.575849811640041	14545.740733333332	48	221-880	ch1
884	0.5758497693197242	14545.740733333332	48	221-880	ch1
885	0.5758497269994076	14545.740733333332	48	221-880	ch1
886	0.5758496846790908	14545.740733333332	48	221-880	ch1
887	0.575849642358774	14545.7503	61	222-884	ch1
888	0.5758497372488592	14545.7503	61	222-884	ch1
889	0.5758498321389446	14545.7503	61	222-884	ch1
890	0.5758499270290298	14545.7503	61	222-884	ch1
891	0.5758500219191148	14545.745533333332	48	223-888	ch1
892	0.575849974639386	14545.745533333332	48	223-888	ch1
893	0.575849927359657	14545.745533333332	48	223-888	ch1
894	0.5758498800799282	14545.745533333332	48	223-888	ch1
893	0.5758498328001994	14545.745533333332	48	END	ch1
894	0.5758498328001994	14545.745533333332	48	END	ch1
895	0.5758498328001994	14545.745533333332	48	END	ch1
896	0.5758498328001994	14545.745533333332	48	END	ch1
