Multi MS Window Export

Acqusition Time: 20.12.2020 / 14:23:51
Number of Spectra: 896
Min Mass: 75.84294825934704 m/z
Max Mass: 76.03969590620312 m/z
Number of Accumulations: 30
Interscandelay: 100
Time Multiplicity: 2
Overflow Number: 0
Calibration-B: 0.575849041251
Time Step: 0.0016
comment:
14:38: MS 450 RT window adjusted from 9.97 to 9.975 because 76Rb went up

Clipped at MS105 when beam merging turned on.


Target:	MS "MS 1 - 896 t-res ni=1067.5"
m/z	->	N
75.92972906717314	0
75.92974577341304	0
75.92976247965474	0
75.92977918589832	0
75.92979589214372	0
75.92981259839094	0
75.92982930464002	0
75.92984601089094	0
75.92986271714368	0
75.92987942339826	0
75.9298961296547	0
75.92991283591294	0
75.92992954217306	0
75.929946248435	0
75.92996295469878	1
75.92997966096436	0
75.92999636723182	0
75.93001307350112	0
75.93002977977224	0
75.9300464860452	0
75.93006319232002	0
75.93007989859666	0
75.93009660487514	0
75.93011331115546	0
75.9301300174376	0
75.9301467237216	0
75.93016343000744	0
75.9301801362951	0
75.9301968425846	0
75.93021354887594	0
75.93023025516912	0
75.93024696146414	0
75.930263667761	0
75.9302803740597	0
75.93029708036022	0
75.9303137866626	0
75.9303304929668	0
75.93034719927284	0
75.93036390558076	0
75.93038061189046	0
75.93039731820204	0
75.93041402451542	0
75.93043073083066	0
75.93044743714772	0
75.93046414346664	0
75.9304808497874	0
75.93049755610998	0
75.9305142624344	1
75.93053096876066	0
75.93054767508876	0
75.93056438141872	0
75.93058108775048	0
75.9305977940841	0
75.93061450041954	0
75.93063120675684	0
75.93064791309596	0
75.93066461943694	0
75.93068132577974	0
75.93069803212438	0
75.93071473847088	0
75.93073144481918	0
75.93074815116934	1
75.93076485752132	0
75.93078156387516	0
75.93079827023082	0
75.93081497658834	0
75.93083168294768	0
75.93084838930886	1
75.93086509567188	0
75.93088180203674	0
75.93089850840344	0
75.93091521477198	0
75.93093192114234	0
75.93094862751456	0
75.93096533388862	0
75.93098204026448	0
75.93099874664222	0
75.93101545302178	0
75.93103215940318	0
75.93104886578642	0
75.9310655721715	0
75.9310822785584	0
75.93109898494716	1
75.93111569133772	0
75.93113239773018	0
75.93114910412442	0
75.93116581052054	0
75.93118251691848	0
75.93119922331826	0
75.93121592971986	0
75.93123263612332	0
75.93124934252862	0
75.93126604893574	0
75.93128275534472	1
75.93129946175552	0
75.93131616816816	0
75.93133287458264	1
75.93134958099896	1
75.93136628741712	0
75.9313829938371	0
75.93139970025894	1
75.93141640668262	2
75.93143311310812	1
75.93144981953546	0
75.93146652596464	0
75.93148323239566	0
75.93149993882852	0
75.93151664526324	0
75.93153335169978	0
75.93155005813814	1
75.93156676457836	1
75.9315834710204	1
75.9316001774643	1
75.93161688391002	2
75.93163359035758	1
75.93165029680696	1
75.93166700325822	1
75.93168370971128	0
75.93170041616622	0
75.93171712262294	0
75.93173382908156	1
75.93175053554198	1
75.93176724200424	0
75.93178394846834	0
75.93180065493428	2
75.93181736140206	1
75.93183406787168	1
75.93185077434316	0
75.93186748081642	0
75.93188418729156	0
75.93190089376854	0
75.93191760024734	1
75.93193430672798	0
75.93195101321048	1
75.93196771969478	0
75.93198442618096	0
75.93200113266894	1
75.93201783915878	4
75.93203454565044	0
75.93205125214396	0
75.9320679586393	0
75.9320846651365	3
75.9321013716355	0
75.93211807813638	0
75.93213478463908	0
75.9321514911436	0
75.93216819765	1
75.9321849041582	1
75.93220161066824	0
75.93221831718014	0
75.93223502369386	0
75.93225173020942	0
75.93226843672684	0
75.93228514324606	0
75.93230184976714	1
75.93231855629004	0
75.9323352628148	1
75.9323519693414	0
75.93236867586982	0
75.93238538240008	0
75.93240208893222	0
75.93241879546616	0
75.93243550200192	1
75.93245220853954	1
75.932468915079	1
75.9324856216203	0
75.93250232816342	0
75.93251903470842	0
75.9325357412552	0
75.93255244780386	1
75.93256915435434	1
75.93258586090666	0
75.9326025674608	0
75.93261927401682	3
75.93263598057464	0
75.93265268713432	0
75.93266939369582	1
75.93268610025918	0
75.93270280682438	1
75.9327195133914	1
75.93273621996026	1
75.93275292653096	1
75.9327696331035	0
75.93278633967786	2
75.93280304625408	1
75.93281975283214	3
75.93283645941204	1
75.93285316599376	2
75.93286987257732	2
75.93288657916272	1
75.93290328574996	5
75.93291999233904	8
75.93293669892996	6
75.93295340552272	4
75.9329701121173	4
75.93298681871374	7
75.933003525312	4
75.93302023191212	2
75.93303693851406	11
75.93305364511784	7
75.93307035172346	8
75.93308705833092	5
75.9331037649402	10
75.93312047155136	8
75.93313717816432	9
75.93315388477914	9
75.93317059139576	10
75.93318729801426	7
75.93320400463458	5
75.93322071125674	11
75.93323741788074	11
75.93325412450658	4
75.93327083113424	7
75.93328753776376	9
75.93330424439512	7
75.9333209510283	17
75.93333765766334	14
75.9333543643002	14
75.9333710709389	10
75.93338777757944	12
75.93340448422182	5
75.93342119086602	17
75.93343789751208	17
75.93345460415996	14
75.9334713108097	15
75.93348801746126	10
75.93350472411468	11
75.9335214307699	13
75.933538137427	14
75.9335548440859	25
75.93357155074666	13
75.93358825740928	20
75.9336049640737	14
75.93362167073998	18
75.93363837740806	25
75.93365508407802	19
75.9336717907498	24
75.93368849742342	27
75.93370520409888	26
75.93372191077618	31
75.9337386174553	37
75.9337553241363	27
75.9337720308191	39
75.93378873750376	34
75.93380544419022	26
75.93382215087856	31
75.9338388575687	34
75.93385556426072	30
75.93387227095456	40
75.93388897765024	30
75.93390568434776	35
75.9339223910471	49
75.93393909774828	35
75.9339558044513	38
75.93397251115618	46
75.93398921786288	41
75.93400592457142	39
75.9340226312818	47
75.93403933799402	44
75.93405604470806	52
75.93407275142396	48
75.93408945814168	35
75.93410616486126	48
75.93412287158266	56
75.9341395783059	37
75.934156285031	51
75.9341729917579	61
75.93418969848668	54
75.93420640521726	47
75.9342231119497	57
75.93423981868396	87
75.93425652542008	83
75.93427323215802	72
75.93428993889782	103
75.93430664563942	103
75.9343233523829	128
75.93434005912818	112
75.93435676587532	140
75.9343734726243	185
75.93439017937512	274
75.93440688612776	313
75.93442359288224	386
75.93444029963858	464
75.93445700639674	644
75.93447371315674	737
75.93449041991858	811
75.93450712668226	893
75.93452383344778	899
75.93454054021512	846
75.93455724698432	829
75.93457395375536	732
75.9345906605282	639
75.93460736730292	524
75.93462407407946	430
75.93464078085784	344
75.93465748763806	250
75.93467419442012	198
75.934690901204	152
75.93470760798972	119
75.93472431477728	86
75.93474102156672	71
75.93475772835796	58
75.93477443515104	51
75.93479114194596	44
75.93480784874272	39
75.93482455554132	38
75.93484126234174	31
75.93485796914402	21
75.93487467594812	20
75.93489138275408	12
75.93490808956186	17
75.9349247963715	15
75.93494150318294	20
75.93495820999626	11
75.93497491681138	15
75.93499162362836	9
75.93500833044716	13
75.93502503726782	12
75.93504174409032	8
75.93505845091464	8
75.93507515774082	8
75.9350918645688	9
75.93510857139866	6
75.93512527823032	2
75.93514198506386	8
75.9351586918992	6
75.9351753987364	3
75.93519210557542	1
75.9352088124163	1
75.93522551925898	4
75.93524222610354	3
75.93525893294992	4
75.93527563979814	2
75.93529234664818	2
75.9353090535001	2
75.93532576035382	3
75.93534246720938	2
75.9353591740668	1
75.93537588092606	4
75.93539258778714	4
75.93540929465004	2
75.93542600151482	3
75.9354427083814	1
75.93545941524986	3
75.93547612212012	2
75.93549282899222	3
75.93550953586618	0
75.93552624274198	3
75.9355429496196	0
75.93555965649906	1
75.93557636338036	1
75.9355930702635	1
75.93560977714846	4
75.93562648403528	4
75.93564319092394	1
75.93565989781442	4
75.93567660470676	1
75.93569331160092	1
75.93571001849694	0
75.93572672539476	2
75.93574343229444	0
75.93576013919596	5
75.93577684609932	4
75.9357935530045	1
75.93581025991156	6
75.9358269668204	2
75.93584367373112	6
75.93586038064366	2
75.93587708755804	4
75.93589379447426	2
75.93591050139234	1
75.93592720831222	7
75.93594391523396	2
75.93596062215754	3
75.93597732908294	4
75.9359940360102	12
75.93601074293926	3
75.9360274498702	6
75.93604415680296	2
75.93606086373756	6
75.936077570674	5
75.93609427761228	3
75.93611098455238	3
75.93612769149434	3
75.93614439843812	2
75.93616110538376	2
75.9361778123312	3
75.93619451928052	3
75.93621122623166	1
75.93622793318464	3
75.93624464013946	3
75.9362613470961	5
75.9362780540546	1
75.93629476101492	3
75.9363114679771	4
75.93632817494108	2
75.93634488190694	2
75.93636158887462	3
75.93637829584414	2
75.9363950028155	3
75.9364117097887	3
75.93642841676372	3
75.93644512374058	10
75.9364618307193	7
75.93647853769984	3
75.93649524468224	6
75.93651195166646	5
75.93652865865252	8
75.9365453656404	4
75.93656207263016	6
75.93657877962172	4
75.93659548661514	8
75.93661219361038	4
75.93662890060746	3
75.93664560760638	6
75.93666231460716	4
75.93667902160976	0
75.93669572861418	3
75.93671243562046	0
75.93672914262858	3
75.93674584963854	4
75.93676255665032	1
75.93677926366394	3
75.93679597067942	1
75.93681267769672	1
75.93682938471586	2
75.93684609173684	1
75.93686279875966	0
75.93687950578432	0
75.9368962128108	1
75.93691291983914	0
75.9369296268693	1
75.9369463339013	0
75.93696304093514	0
75.93697974797084	1
75.93699645500836	0
75.93701316204772	0
75.9370298690889	0
75.93704657613196	0
75.93706328317682	0
75.93707999022352	0
75.93709669727208	0
75.93711340432246	0
75.9371301113747	0
75.93714681842874	0
75.93716352548466	0
75.93718023254238	0
75.93719693960196	0
75.93721364666336	0
75.93723035372662	0
75.9372470607917	0
75.93726376785862	0
75.9372804749274	0
75.937297181998	1
75.93731388907042	0
75.9373305961447	1
75.93734730322082	0
75.93736401029878	1
75.93738071737858	0
75.9373974244602	0
75.93741413154368	0
75.93743083862898	0
75.93744754571612	1
75.9374642528051	0
75.93748095989592	1
75.93749766698856	0
75.93751437408308	0
75.9375310811794	0
75.93754778827758	1
75.93756449537758	0
75.93758120247942	0
75.9375979095831	1
75.93761461668862	0
75.93763132379598	1
75.93764803090518	1
75.93766473801622	0
75.9376814451291	0
75.9376981522438	0
75.93771485936034	0
75.93773156647874	0
75.93774827359896	0
75.93776498072104	0
75.93778168784492	0
75.93779839497066	0
75.93781510209824	0
75.93783180922766	0
75.9378485163589	0
75.937865223492	0
75.93788193062692	0
75.93789863776368	0
75.93791534490228	0
75.93793205204274	0
75.937948759185	0
75.93796546632912	0
75.93798217347508	0
75.93799888062288	0
75.9380155877725	0
75.93803229492396	0
75.93804900207728	0
75.93806570923242	1
75.93808241638942	0
75.93809912354822	1
75.93811583070888	0
75.93813253787138	0
75.9381492450357	0
75.93816595220188	0
75.9381826593699	0
75.93819936653972	0
75.93821607371142	0
75.93823278088494	0
75.9382494880603	0
75.9382661952375	0
75.93828290241654	0
75.93829960959742	0
75.93831631678012	1
75.93833302396468	0
75.93834973115106	0
75.9383664383393	0
75.93838314552934	0
75.93839985272126	1
75.93841655991498	0
75.93843326711058	0
75.93844997430798	0
75.93846668150724	0
75.93848338870832	0
75.93850009591126	0
75.93851680311602	0
75.93853351032264	0
75.93855021753108	0
75.93856692474136	1
75.93858363195348	0
75.93860033916742	2
75.93861704638322	0
75.93863375360084	0
75.93865046082032	0
75.93866716804162	0
75.93868387526478	1
75.93870058248974	1
75.93871728971658	0
75.93873399694524	0
75.93875070417574	0
75.93876741140806	0
75.93878411864224	0
75.93880082587824	0
75.9388175331161	0
75.9388342403558	1
75.9388509475973	0
75.93886765484068	0
75.93888436208586	0
75.93890106933292	0
75.93891777658178	0
75.9389344838325	0
75.93895119108504	1
75.93896789833944	0
75.93898460559566	0
75.93900131285374	0
75.93901802011362	0
75.93903472737538	0
75.93905143463894	0
75.93906814190436	0
75.93908484917162	0
75.9391015564407	0
75.93911826371164	0
75.93913497098442	0
75.93915167825902	0
75.93916838553546	0
75.93918509281374	0
75.93920180009386	0
75.93921850737582	0
75.9392352146596	0
75.93925192194524	0
75.93926862923272	1
75.93928533652202	0
75.93930204381316	0
75.93931875110616	1
75.93933545840098	0
75.93935216569764	0
75.93936887299614	0
75.93938558029648	0
75.93940228759864	0
75.93941899490266	0
75.93943570220852	0
75.9394524095162	0
75.93946911682572	1
75.93948582413708	0
75.9395025314503	0
75.93951923876532	1
75.9395359460822	1
75.93955265340092	0
75.93956936072146	0
75.93958606804386	0
75.9396027753681	0
75.93961948269414	0
75.93963619002206	0
75.9396528973518	2
75.93966960468338	0
75.9396863120168	4
75.93970301935206	1
75.93971972668916	1
75.93973643402808	0
75.93975314136886	1
75.93976984871146	0
75.9397865560559	1
75.93980326340218	0
75.93981997075032	1
75.93983667810026	2
75.93985338545206	2
75.93987009280568	1
75.93988680016116	0
75.93990350751848	1
75.93992021487762	1
75.9399369222386	0
75.93995362960144	1
75.93997033696608	3
75.93998704433258	3
75.94000375170094	2
75.9400204590711	2
75.94003716644312	1
75.94005387381696	2
75.94007058119266	1
75.94008728857018	2
75.94010399594954	2
75.94012070333074	2
75.9401374107138	2
75.94015411809866	1
75.94017082548538	4
75.94018753287392	2
75.94020424026432	2
75.94022094765654	0
75.94023765505062	3
75.94025436244652	3
75.94027106984428	4
75.94028777724384	5
75.94030448464528	8
75.94032119204854	1
75.94033789945362	3
75.94035460686058	3
75.94037131426934	4
75.94038802167994	5
75.94040472909238	6
75.94042143650668	3
75.94043814392278	4
75.94045485134076	6
75.94047155876054	4
75.9404882661822	2
75.94050497360564	4
75.94052168103096	4
75.94053838845812	8
75.94055509588712	3
75.94057180331792	6
75.9405885107506	2
75.9406052181851	5
75.94062192562144	4
75.94063863305962	5
75.94065534049962	9
75.94067204794148	3
75.94068875538516	9
75.9407054628307	8
75.94072217027806	6
75.94073887772726	7
75.9407555851783	7
75.94077229263118	7
75.9407890000859	11
75.94080570754246	10
75.94082241500084	7
75.94083912246108	7
75.94085582992314	3
75.94087253738706	5
75.9408892448528	3
75.94090595232038	11
75.94092265978982	6
75.94093936726106	7
75.94095607473416	10
75.9409727822091	9
75.94098948968586	17
75.94100619716448	6
75.94102290464492	15
75.9410396121272	18
75.94105631961132	25
75.94107302709728	30
75.9410897345851	53
75.94110644207472	55
75.9411231495662	72
75.9411398570595	103
75.94115656455466	110
75.94117327205166	102
75.94118997955048	161
75.94120668705116	180
75.94122339455364	138
75.941240102058	108
75.94125680956416	113
75.94127351707218	78
75.94129022458202	63
75.94130693209372	67
75.94132363960726	47
75.94134034712262	31
75.94135705463982	24
75.94137376215886	20
75.94139046967974	26
75.94140717720246	14
75.94142388472702	9
75.94144059225342	6
75.94145729978164	5
75.94147400731172	6
75.94149071484362	2
75.94150742237738	5
75.94152412991296	5
75.94154083745038	3
75.94155754498964	5
75.94157425253074	4
75.94159096007368	3
75.94160766761844	5
75.94162437516506	5
75.9416410827135	2
75.9416577902638	1
75.9416744978159	2
75.94169120536988	2
75.94170791292566	2
75.94172462048332	2
75.94174132804278	0
75.9417580356041	4
75.94177474316726	0
75.94179145073224	2
75.94180815829908	0
75.94182486586774	2
75.94184157343824	0
75.94185828101058	1
75.94187498858476	0
75.94189169616078	1
75.94190840373864	0
75.94192511131832	0
75.94194181889986	1
75.94195852648322	1
75.94197523406842	0
75.94199194165546	0
75.94200864924436	1
75.94202535683506	0
75.94204206442762	0
75.94205877202204	1
75.94207547961826	2
75.94209218721634	1
75.94210889481624	2
75.942125602418	0
75.94214231002158	0
75.94215901762702	0
75.94217572523426	1
75.94219243284336	1
75.94220914045428	1
75.94222584806708	2
75.94224255568168	2
75.94225926329814	0
75.94227597091642	1
75.94229267853656	2
75.9423093861585	0
75.94232609378232	0
75.94234280140796	1
75.94235950903544	0
75.94237621666474	0
75.9423929242959	0
75.9424096319289	0
75.94242633956372	0
75.94244304720038	0
75.94245975483888	0
75.94247646247924	1
75.94249317012142	0
75.94250987776544	2
75.94252658541128	1
75.94254329305898	1
75.9425600007085	0
75.94257670835988	1
75.94259341601308	1
75.94261012366814	0
75.94262683132502	2
75.94264353898374	0
75.9426602466443	2
75.9426769543067	1
75.94269366197094	0
75.942710369637	4
75.94272707730492	0
75.94274378497466	0
75.94276049264624	1
75.94277720031968	1
75.94279390799494	2
75.94281061567204	2
75.94282732335098	0
75.94284403103174	2
75.94286073871436	2
75.9428774463988	1
75.9428941540851	0
75.94291086177322	1
75.9429275694632	1
75.942944277155	0
75.94296098484864	2
75.94297769254412	1
75.94299440024144	1
75.9430111079406	0
75.94302781564158	0
75.94304452334442	0
75.94306123104908	0
75.94307793875558	2
75.94309464646392	0
75.94311135417412	2
75.94312806188612	3
75.94314476959998	2
75.94316147731568	3
75.9431781850332	1
75.94319489275258	1
75.9432116004738	0
75.94322830819686	2
75.94324501592172	2
75.94326172364846	0
75.943278431377	0
75.94329513910742	1
75.94331184683964	0
75.94332855457372	0
75.94334526230962	1
75.94336197004738	0
75.94337867778696	0
75.9433953855284	1
75.94341209327166	0
75.94342880101676	0
75.9434455087637	0
75.94346221651248	0
75.94347892426308	1
75.94349563201554	0
75.94351233976984	0
75.94352904752596	1
75.94354575528394	0
75.94356246304372	1
75.94357917080538	0
75.94359587856884	1
75.94361258633418	0
75.94362929410132	0
75.94364600187032	0
75.94366270964116	0
75.94367941741382	1
75.94369612518832	0
75.94371283296466	0
75.94372954074286	0
75.94374624852288	0
75.94376295630472	0
75.94377966408842	0
75.94379637187398	0
75.94381307966134	0
75.94382978745056	1
75.9438464952416	0
75.94386320303448	0
75.9438799108292	1
75.94389661862578	2
75.94391332642418	1
75.94393003422442	0
75.94394674202648	0
75.9439634498304	0
75.94398015763614	0
75.94399686544374	1
75.94401357325314	0
75.94403028106444	0
75.94404698887752	0
75.94406369669248	0
75.94408040450924	1
75.94409711232786	0
75.94411382014832	0
75.9441305279706	1
75.94414723579474	1
75.9441639436207	0
75.94418065144852	1
75.94419735927816	1
75.94421406710964	0
75.94423077494296	0
75.94424748277812	0
75.9442641906151	0
75.94428089845394	0
75.9442976062946	0
75.94431431413712	0
75.94433102198146	1
75.94434772982764	0
75.94436443767566	1
75.94438114552554	1
75.94439785337724	1
75.94441456123076	1
75.94443126908614	1
75.94444797694336	2
75.9444646848024	1
75.94448139266328	0
75.94449810052602	0
75.94451480839058	1
75.94453151625698	0
75.94454822412522	2
75.9445649319953	0
75.9445816398672	1
75.94459834774096	0
75.94461505561654	1
75.94463176349398	1
75.94464847137324	1
75.94466517925434	2
75.9446818871373	3
75.94469859502206	2
75.9447153029087	4
75.94473201079714	4
75.94474871868744	5
75.94476542657956	8
75.94478213447354	2
75.94479884236934	10
75.94481555026698	7
75.94483225816646	9
75.9448489660678	5
75.94486567397094	7
75.94488238187594	3
75.94489908978278	10
75.94491579769146	5
75.94493250560196	6
75.94494921351432	4
75.9449659214285	2
75.94498262934452	4
75.94499933726238	5
75.94501604518208	9
75.94503275310362	4
75.94504946102698	7
75.94506616895222	4
75.94508287687924	6
75.94509958480816	12
75.94511629273886	12
75.94513300067144	11
75.94514970860584	9
75.94516641654208	9
75.94518312448014	8
75.94519983242006	6
75.94521654036182	9
75.94523324830542	10
75.94524995625084	10
75.9452666641981	7
75.94528337214722	8
75.94530008009816	8
75.94531678805096	7
75.94533349600556	14
75.94535020396202	6
75.9453669119203	12
75.94538361988046	7
75.94540032784242	16
75.94541703580622	9
75.94543374377186	7
75.94545045173936	12
75.94546715970866	15
75.94548386767984	19
75.94550057565282	20
75.94551728362768	17
75.94553399160432	16
75.94555069958284	13
75.9455674075632	17
75.94558411554538	19
75.94560082352942	22
75.94561753151528	19
75.94563423950298	26
75.94565094749252	19
75.9456676554839	32
75.9456843634771	17
75.94570107147216	23
75.94571777946904	27
75.94573448746778	20
75.94575119546834	21
75.94576790347074	24
75.94578461147498	29
75.94580131948106	35
75.94581802748898	25
75.94583473549874	28
75.94585144351034	27
75.94586815152376	33
75.94588485953902	33
75.94590156755612	29
75.94591827557508	34
75.94593498359586	36
75.94595169161848	36
75.94596839964292	28
75.94598510766924	41
75.94600181569736	42
75.94601852372734	53
75.94603523175914	43
75.9460519397928	59
75.94606864782828	54
75.94608535586562	54
75.94610206390476	67
75.94611877194576	83
75.9461354799886	90
75.94615218803328	105
75.94616889607978	141
75.94618560412814	162
75.94620231217834	230
75.94621902023034	288
75.94623572828422	384
75.9462524363399	479
75.94626914439746	561
75.94628585245682	642
75.94630256051806	694
75.9463192685811	755
75.946335976646	744
75.94635268471272	690
75.9463693927813	543
75.94638610085168	499
75.94640280892394	374
75.94641951699802	261
75.94643622507392	253
75.9464529331517	189
75.94646964123128	139
75.94648634931272	118
75.946503057396	94
75.9465197654811	81
75.94653647356804	62
75.94655318165682	61
75.94656988974744	46
75.94658659783992	42
75.9466033059342	27
75.94662001403034	31
75.9466367221283	34
75.94665343022812	26
75.94667013832976	21
75.94668684643326	15
75.94670355453858	13
75.94672026264574	16
75.94673697075474	18
75.94675367886558	9
75.94677038697826	13
75.94678709509276	17
75.94680380320912	9
75.9468205113273	10
75.94683721944736	7
75.9468539275692	11
75.9468706356929	12
75.94688734381846	5
75.94690405194582	4
75.94692076007504	7
75.9469374682061	4
75.94695417633898	5
75.94697088447372	3
75.94698759261028	5
75.9470043007487	6
75.94702100888894	4
75.94703771703102	5
75.94705442517494	8
75.9470711333207	2
75.9470878414683	1
75.94710454961772	6
75.947121257769	2
75.9471379659221	1
75.94715467407706	5
75.94717138223384	3
75.94718809039246	2
75.94720479855292	3
75.94722150671522	4
75.94723821487936	6
75.94725492304534	2
75.94727163121314	1
75.9472883393828	2
75.94730504755428	3
75.9473217557276	4
75.94733846390278	3
75.94735517207978	5
75.94737188025862	3
75.94738858843928	5
75.94740529662182	4
75.94742200480616	7
75.94743871299236	2
75.94745542118036	4
75.94747212937024	3
75.94748883756194	4
75.9475055457555	2
75.94752225395086	3
75.9475389621481	2
75.94755567034714	1
75.94757237854804	3
75.94758908675076	3
75.94760579495534	1
75.94762250316176	4
75.94763921137	4
75.94765591958008	3
75.947672627792	5
75.94768933600576	5
75.94770604422136	1
75.9477227524388	3
75.94773946065806	2
75.94775616887918	3
75.94777287710212	4
75.9477895853269	8
75.94780629355352	5
75.94782300178198	10
75.94783971001228	3
75.94785641824444	5
75.94787312647838	7
75.94788983471422	3
75.94790654295188	4
75.94792325119136	6
75.9479399594327	3
75.94795666767584	2
75.94797337592086	5
75.9479900841677	5
75.94800679241636	3
75.94802350066688	2
75.94804020891924	4
75.94805691717342	4
75.94807362542946	3
75.94809033368732	4
75.94810704194704	1
75.94812375020858	1
75.94814045847196	2
75.94815716673718	3
75.94817387500424	3
75.94819058327314	2
75.94820729154388	2
75.94822399981644	8
75.94824070809084	9
75.9482574163671	7
75.94827412464518	11
75.9482908329251	8
75.94830754120686	6
75.94832424949046	9
75.94834095777588	15
75.94835766606316	7
75.94837437435228	9
75.94839108264324	2
75.948407790936	4
75.94842449923064	1
75.9484412075271	3
75.9484579158254	4
75.94847462412556	3
75.94849133242752	1
75.94850804073134	2
75.94852474903698	3
75.94854145734448	0
75.94855816565382	0
75.94857487396498	2
75.94859158227798	0
75.94860829059282	0
75.9486249989095	1
75.94864170722802	1
75.94865841554838	0
75.94867512387056	1
75.94869183219458	2
75.94870854052046	0
75.94872524884816	0
75.94874195717772	0
75.9487586655091	0
75.94877537384232	2
75.94879208217738	1
75.94880879051428	0
75.94882549885302	0
75.94884220719358	0
75.948858915536	0
75.94887562388024	0
75.94889233222632	0
75.94890904057424	0
75.94892574892402	0
75.94894245727562	0
75.94895916562906	0
75.94897587398432	0
75.94899258234144	2
75.94900929070038	0
75.94902599906118	0
75.9490427074238	0
75.94905941578828	0
75.94907612415458	1
75.94909283252272	1
75.9491095408927	0
75.9491262492645	0
75.94914295763816	1
75.94915966601364	0
75.94917637439098	1
75.94919308277014	0
75.94920979115116	0
75.949226499534	0
75.94924320791868	1
75.94925991630518	0
75.94927662469356	0
75.94929333308374	0
75.94931004147578	0
75.94932674986964	0
75.94934345826536	0
75.94936016666292	1
75.94937687506228	0
75.94939358346352	0
75.94941029186658	0
75.94942700027148	0
75.9494437086782	0
75.94946041708678	0
75.94947712549718	0
75.94949383390944	0
75.94951054232352	0
75.94952725073946	0
75.9495439591572	0
75.9495606675768	0
75.94957737599826	1
75.94959408442152	0
75.94961079284664	0
75.9496275012736	0
75.94964420970238	0
75.94966091813302	0
75.94967762656548	0
75.94969433499978	0
75.94971104343594	0
75.9497277518739	0
75.94974446031372	0
75.94976116875538	0
75.94977787719888	1
75.94979458564418	0
75.94981129409136	0
75.94982800254038	0
75.94984471099122	0
75.9498614194439	0
75.94987812789842	0
75.94989483635478	1
75.94991154481298	0
75.949928253273	0
75.94994496173488	0
75.9499616701986	0
75.94997837866414	0
75.94999508713154	0
75.95001179560074	0
75.95002850407182	0
75.95004521254472	0
75.95006192101944	0
75.95007862949602	1
75.95009533797444	0
75.95011204645468	0
75.95012875493678	0
75.95014546342068	0
75.95016217190646	0
75.95017888039406	0
75.9501955888835	0
75.95021229737478	0
75.9502290058679	0
75.95024571436286	1
75.95026242285964	0
75.95027913135828	1
75.95029583985874	0
75.95031254836104	0
75.95032925686518	0
75.95034596537118	0
75.95036267387898	0
75.95037938238866	0
75.95039609090014	0
75.95041279941348	0
75.95042950792864	0
75.95044621644564	0
75.95046292496448	0
75.95047963348518	0
75.95049634200768	0
75.95051305053206	0
75.95052975905826	0
75.95054646758628	0
75.95056317611616	0
75.95057988464788	0
75.95059659318144	0
75.9506133017168	0
75.95063001025404	0
75.9506467187931	0
75.950663427334	0
75.95068013587672	0
75.95069684442132	1
75.95071355296772	0
75.95073026151598	0
75.95074697006606	1
75.950763678618	0
75.95078038717176	1
75.95079709572736	0
75.95081380428482	0
75.95083051284408	0
75.9508472214052	0
75.95086392996816	0
75.95088063853296	0
75.95089734709958	0
75.95091405566806	0
75.95093076423836	0
75.9509474728105	0
75.95096418138446	0
75.9509808899603	0
75.95099759853796	0
75.95101430711746	0
75.95103101569878	0
75.95104772428196	0
75.95106443286696	0
75.95108114145382	0
75.9510978500425	1
75.95111455863302	0
75.9511312672254	0
75.95114797581958	0
75.95116468441562	0
75.95118139301348	0
75.9511981016132	0
75.95121481021476	0
75.95123151881816	0
75.95124822742336	0
75.95126493603044	0
75.95128164463932	0
75.95129835325008	0
75.95131506186264	0
75.95133177047708	0
75.95134847909332	0
75.9513651877114	0
75.95138189633134	0
75.9513986049531	1
75.95141531357672	0
75.95143202220214	1
75.95144873082944	0
75.95146543945854	0
75.95148214808952	0
75.9514988567223	1
75.95151556535694	0
75.9515322739934	0
75.95154898263172	0
75.95156569127186	0
75.95158239991384	0
75.95159910855764	0
75.95161581720332	0
75.95163252585082	0
75.95164923450016	0
75.95166594315132	0
75.95168265180434	0
75.9516993604592	0
75.95171606911586	0
75.9517327777744	2
75.95174948643476	0
75.95176619509696	0
75.951782903761	0
75.95179961242688	0
75.95181632109458	0
75.95183302976414	0
75.95184973843552	0
75.95186644710876	0
75.9518831557838	0
75.95189986446072	0
75.95191657313944	0
75.95193328182004	1
75.95194999050244	0
75.9519666991867	0
75.9519834078728	0
75.95200011656074	0
75.9520168252505	0
75.9520335339421	0
75.95205024263556	0
75.95206695133082	0
75.95208366002796	0
75.9521003687269	0
75.9521170774277	0
75.95213378613034	0
75.95215049483482	0
75.95216720354112	0
75.95218391224928	0
75.95220062095924	0
75.95221732967108	0
75.95223403838472	0
75.95225074710022	0
75.95226745581756	0
75.95228416453674	0
75.95230087325776	0
75.9523175819806	0
75.9523342907053	0
75.95235099943182	0
75.95236770816018	0
75.95238441689038	0
75.95240112562242	0
75.95241783435628	0
75.95243454309202	0
75.95245125182956	0
75.95246796056896	0
75.95248466931018	0
75.95250137805324	0
75.95251808679814	0
75.9525347955449	0
75.95255150429348	0
75.9525682130439	0
75.95258492179616	0
75.95260163055024	0
75.95261833930618	1
75.95263504806394	0
75.95265175682356	1
75.952668465585	0
75.95268517434828	0
75.9527018831134	0
75.95271859188036	0
75.95273530064914	0
75.95275200941978	0
75.95276871819226	0
75.95278542696658	0
75.95280213574272	0
75.95281884452072	0
75.95283555330052	1
75.9528522620822	0
75.9528689708657	0
75.95288567965102	0
75.9529023884382	0
75.95291909722722	0
75.95293580601808	0
75.95295251481076	0
75.95296922360528	1
75.95298593240166	0
75.95300264119984	1
75.95301934999988	0
75.95303605880178	0
75.95305276760548	0
75.95306947641104	0
75.95308618521842	0
75.95310289402766	0
75.95311960283872	0
75.95313631165164	0
75.95315302046638	0
75.95316972928296	0
75.95318643810138	0
75.95320314692162	0
75.95321985574374	0
75.95323656456766	0
75.95325327339344	0
75.95326998222104	0
75.9532866910505	0
75.95330339988176	0
75.9533201087149	0
75.95333681754984	0
75.95335352638666	0
75.95337023522528	0
75.95338694406576	0
75.95340365290808	0
75.95342036175222	0
75.95343707059822	0
75.95345377944604	0
75.95347048829572	0
75.9534871971472	0
75.95350390600054	0
75.95352061485572	0
75.95353732371272	0
75.95355403257158	0
75.95357074143228	0
75.9535874502948	0
75.95360415915918	0
75.95362086802538	0
75.95363757689342	0
75.95365428576328	0
75.953670994635	0
75.95368770350856	0
75.95370441238396	0
75.95372112126118	0
75.95373783014026	0
75.95375453902116	0
75.9537712479039	0
75.9537879567885	0
75.95380466567492	0
75.95382137456318	0
75.95383808345326	0
75.9538547923452	0
75.95387150123896	0
75.95388821013458	0
75.95390491903204	0
75.95392162793132	0
75.95393833683244	0
75.9539550457354	0
75.9539717546402	0
75.95398846354684	0
75.9540051724553	0
75.95402188136562	0
75.95403859027778	0
75.95405529919178	0
75.9540720081076	0
75.95408871702524	1
75.95410542594476	0
75.9541221348661	0
75.95413884378928	0
75.95415555271428	0
75.95417226164116	0
75.95418897056984	0
75.95420567950036	0
75.95422238843274	0
75.95423909736694	0
75.95425580630298	0
75.95427251524086	0
75.95428922418058	0
75.95430593312214	0
75.95432264206554	0
75.95433935101076	0
75.95435605995784	0
75.95437276890674	0
75.9543894778575	0
75.95440618681006	0
75.9544228957645	0
75.95443960472076	0
75.95445631367886	0
75.95447302263878	0
75.95448973160056	0
75.95450644056416	0
75.95452314952962	0
75.9545398584969	0
75.95455656746604	0
75.954573276437	0
75.9545899854098	0
75.95460669438444	0
75.95462340336092	0
75.95464011233922	0
75.95465682131938	0
75.95467353030136	0
75.95469023928518	0
75.95470694827086	0
75.95472365725836	0
75.95474036624772	0
75.95475707523888	0
75.9547737842319	0
75.95479049322676	0
75.95480720222346	0
75.95482391122196	0
75.95484062022234	0
75.95485732922454	0
75.9548740382286	0
75.95489074723448	0
75.9549074562422	0
75.95492416525178	0
75.95494087426314	0
75.9549575832764	0
75.95497429229146	0
75.95499100130838	0
75.95500771032712	0
75.95502441934772	0
75.95504112837012	0
75.9550578373944	0
75.95507454642048	0
75.95509125544842	0
75.9551079644782	0
75.9551246735098	0
75.95514138254326	1
75.95515809157854	0
75.95517480061568	0
75.95519150965464	0
75.95520821869546	0
75.95522492773808	0
75.95524163678256	0
75.95525834582888	0
75.95527505487702	0
75.95529176392702	0
75.95530847297884	0
75.95532518203252	0
75.95534189108802	0
75.95535860014536	0
75.95537530920454	0
75.95539201826556	0
75.95540872732842	1
75.9554254363931	0
75.95544214545964	0
75.955458854528	1
75.95547556359822	0
75.95549227267028	0
75.95550898174416	0
75.95552569081988	0
75.95554239989742	0
75.95555910897684	1
75.95557581805806	0
75.95559252714114	0
75.95560923622604	0
75.9556259453128	0
75.95564265440138	0
75.9556593634918	0
75.95567607258406	0
75.95569278167818	0
75.9557094907741	0
75.95572619987188	0
75.9557429089715	0
75.95575961807296	0
75.95577632717624	0
75.95579303628136	0
75.95580974538834	0
75.95582645449714	0
75.95584316360778	0
75.95585987272024	0
75.95587658183458	1
75.95589329095072	0
75.95591000006872	0
75.95592670918854	0
75.95594341831022	0
75.95596012743372	0
75.95597683655906	0
75.95599354568624	0
75.95601025481528	0
75.95602696394612	0
75.95604367307882	0
75.95606038221334	0
75.95607709134972	0
75.95609380048794	0
75.95611050962798	0
75.95612721876986	0
75.9561439279136	0
75.95616063705914	0
75.95617734620654	0
75.95619405535578	0
75.95621076450686	0
75.95622747365978	0
75.95624418281452	0
75.9562608919711	0
75.95627760112954	0
75.9562943102898	0
75.9563110194519	0
75.95632772861584	0
75.9563444377816	0
75.95636114694922	0
75.95637785611868	0
75.95639456528998	0
75.95641127446312	0
75.95642798363806	0
75.95644469281488	0
75.95646140199352	0
75.956478111174	0
75.9564948203563	0
75.95651152954046	0
75.95652823872646	0
75.9565449479143	0
75.95656165710396	0
75.95657836629548	0
75.95659507548882	0
75.956611784684	0
75.95662849388102	0
75.95664520307988	0
75.95666191228058	0
75.95667862148312	0
75.95669533068748	0
75.9567120398937	0
75.95672874910174	0
75.95674545831162	0
75.95676216752336	0
75.95677887673692	0
75.95679558595232	0
75.95681229516954	0
75.95682900438862	0
75.95684571360952	0
75.9568624228323	0
75.95687913205688	0
75.9568958412833	0
75.95691255051156	0
75.95692925974168	0
75.95694596897362	0
75.9569626782074	0
75.95697938744302	0
75.95699609668046	0
75.95701280591976	0
75.95702951516088	0
75.95704622440386	0
75.95706293364866	0
75.95707964289532	0
75.95709635214378	0
75.95711306139412	0
75.95712977064626	0
75.95714647990026	0
75.95716318915608	0
75.95717989841376	0
75.95719660767326	0
75.95721331693462	1
75.9572300261978	0
75.95724673546282	0
75.9572634447297	0
75.95728015399838	0
75.95729686326892	0
75.95731357254128	0
75.9573302818155	0
75.95734699109154	0
75.95736370036944	0
75.95738040964916	0
75.95739711893074	0
75.95741382821412	0
75.95743053749936	0
75.95744724678644	0
75.95746395607536	0
75.95748066536612	0
75.9574973746587	0
75.95751408395312	0
75.9575307932494	0
75.9575475025475	0
75.95756421184744	0
75.95758092114924	0
75.95759763045284	0
75.9576143397583	0
75.95763104906558	0
75.95764775837472	0
75.9576644676857	0
75.9576811769985	0
75.95769788631314	0
75.95771459562962	0
75.95773130494794	0
75.95774801426812	0
75.9577647235901	0
75.95778143291394	0
75.9577981422396	0
75.95781485156712	0
75.95783156089648	0
75.95784827022764	0
75.95786497956068	0
75.95788168889554	0
75.95789839823224	0
75.95791510757078	1
75.95793181691116	0
75.95794852625336	0
75.95796523559742	0
75.9579819449433	0
75.95799865429104	0
75.95801536364058	0
75.958032072992	0
75.95804878234524	0
75.95806549170032	0
75.95808220105722	0
75.95809891041598	0
75.95811561977658	0
75.958132329139	0
75.95814903850328	0
75.95816574786938	1
75.95818245723734	0
75.9581991666071	0
75.95821587597872	0
75.95823258535216	0
75.95824929472748	0
75.9582660041046	0
75.95828271348358	0
75.95829942286438	0
75.95831613224704	0
75.9583328416315	0
75.95834955101784	0
75.95836626040598	0
75.958382969796	0
75.95839967918782	0
75.9584163885815	0
75.95843309797702	0
75.95844980737436	0
75.95846651677356	0
75.95848322617456	0
75.95849993557744	0
75.95851664498214	0
75.95853335438868	0
75.95855006379706	0
75.95856677320728	0
75.95858348261932	0
75.9586001920332	0
75.95861690144894	0
75.9586336108665	0
75.9586503202859	0
75.95866702970714	0
75.95868373913022	0
75.95870044855514	0
75.95871715798192	0
75.9587338674105	0
75.95875057684094	1
75.9587672862732	0
75.95878399570732	0
75.95880070514324	0
75.95881741458104	0
75.95883412402064	0
75.95885083346212	0
75.9588675429054	0
75.95888425235054	0
75.9589009617975	0
75.95891767124632	0
75.95893438069696	0
75.95895109014944	0
75.95896779960376	0
75.95898450905994	1
75.95900121851794	0
75.95901792797778	0
75.95903463743944	0
75.95905134690296	0
75.95906805636832	0
75.95908476583548	0
75.95910147530452	0
75.95911818477538	0
75.9591348942481	0
75.95915160372262	0
75.959168313199	0
75.95918502267722	0
75.95920173215728	0
75.95921844163916	0
75.9592351511229	0
75.95925186060846	0
75.95926857009586	0
75.95928527958512	0
75.95930198907618	0
75.95931869856912	0
75.95933540806386	0
75.95935211756046	0
75.95936882705888	0
75.95938553655918	0
75.95940224606126	0
75.95941895556522	0
75.959435665071	0
75.95945237457862	0
75.95946908408808	0
75.95948579359938	0
75.9595025031125	0
75.95951921262748	0
75.95953592214428	0
75.95955263166294	0
75.95956934118342	0
75.95958605070576	0
75.95960276022994	0
75.95961946975592	0
75.95963617928376	0
75.95965288881344	0
75.95966959834496	0
75.9596863078783	0
75.9597030174135	0
75.95971972695052	0
75.95973643648938	0
75.95975314603008	0
75.95976985557264	0
75.959786565117	0
75.95980327466324	0
75.95981998421126	0
75.95983669376118	0
75.9598534033129	0
75.95987011286648	0
75.95988682242188	0
75.95990353197912	0
75.9599202415382	0
75.95993695109912	0
75.95995366066188	0
75.95997037022648	0
75.95998707979292	0
75.96000378936118	0
75.9600204989313	0
75.96003720850324	0
75.96005391807702	0
75.96007062765264	0
75.96008733723012	0
75.9601040468094	0
75.96012075639054	0
75.9601374659735	0
75.96015417555834	0
75.960170885145	0
75.96018759473348	0
75.9602043043238	0
75.96022101391596	0
75.96023772350996	1
75.9602544331058	0
75.96027114270348	0
75.96028785230298	0
75.96030456190436	0
75.96032127150752	0
75.96033798111256	0
75.96035469071944	0
75.96037140032814	0
75.96038810993866	0
75.96040481955106	0
75.96042152916526	0
75.96043823878134	0
75.96045494839924	0
75.96047165801896	1
75.96048836764054	1
75.96050507726394	0
75.9605217868892	0
75.96053849651626	0
75.9605552061452	1
75.96057191577594	1
75.96058862540856	0
75.96060533504298	0
75.96062204467926	0
75.96063875431736	0
75.96065546395732	0
75.96067217359908	0
75.96068888324272	0
75.96070559288818	0
75.96072230253548	0
75.96073901218462	0
75.9607557218356	0
75.96077243148842	0
75.96078914114306	0
75.96080585079956	0
75.96082256045788	0
75.96083927011804	0
75.96085597978004	0
75.9608726894439	0
75.96088939910956	0
75.96090610877708	0
75.96092281844642	0
75.96093952811762	0
75.96095623779066	0
75.96097294746552	0
75.96098965714222	0
75.96100636682078	0
75.96102307650116	0
75.96103978618338	0
75.96105649586744	0
75.96107320555332	0
75.96108991524106	0
75.96110662493062	0
75.96112333462204	0
75.9611400443153	0
75.96115675401038	0
75.96117346370728	0
75.96119017340606	0
75.96120688310664	0
75.9612235928091	0
75.96124030251336	0
75.96125701221948	0
75.96127372192742	0
75.96129043163722	1
75.96130714134884	1
75.9613238510623	0
75.96134056077762	0
75.96135727049474	0
75.96137398021372	0
75.96139068993454	1
75.9614073996572	0
75.96142410938168	0
75.96144081910802	0
75.96145752883616	0
75.96147423856618	0
75.96149094829802	0
75.9615076580317	0
75.96152436776722	0
75.96154107750458	0
75.96155778724376	0
75.9615744969848	0
75.96159120672766	0
75.96160791647238	0
75.96162462621892	0
75.9616413359673	0
75.96165804571754	0
75.96167475546958	0
75.96169146522348	0
75.96170817497922	0
75.96172488473678	0
75.9617415944962	0
75.96175830425744	0
75.96177501402052	0
75.96179172378546	0
75.96180843355222	0
75.96182514332082	0
75.96184185309124	0
75.96185856286354	0
75.96187527263764	0
75.9618919824136	0
75.9619086921914	0
75.961925401971	0
75.96194211175248	0
75.96195882153578	0
75.96197553132092	0
75.9619922411079	0
75.96200895089672	0
75.96202566068736	0
75.96204237047986	0
75.96205908027418	0
75.96207579007036	0
75.96209249986836	0
75.9621092096682	0
75.96212591946988	0
75.9621426292734	0
75.96215933907876	0
75.96217604888596	0
75.96219275869498	0
75.96220946850586	0
75.96222617831858	0
75.9622428881331	0
75.9622595979495	0
75.96227630776772	0
75.96229301758778	0
75.96230972740968	0
75.96232643723342	0
75.962343147059	0
75.9623598568864	0
75.96237656671566	0
75.96239327654674	0
75.96240998637966	0
75.96242669621442	0
75.96244340605102	0
75.96246011588946	0
75.96247682572972	0
75.96249353557186	0
75.96251024541582	0
75.9625269552616	0
75.96254366510922	0
75.96256037495868	0
75.96257708481	0
75.96259379466314	0
75.96261050451812	0
75.96262721437494	0
75.9626439242336	0
75.96266063409408	0
75.96267734395642	0
75.96269405382058	0
75.9627107636866	0
75.96272747355442	0
75.96274418342412	0
75.96276089329562	0
75.962777603169	1
75.9627943130442	0
75.96281102292124	0
75.96282773280012	0
75.9628444426808	0
75.96286115256336	0
75.96287786244774	0
75.96289457233398	0
75.96291128222202	0
75.96292799211194	0
75.96294470200366	0
75.96296141189724	1
75.96297812179264	0
75.9629948316899	0
75.96301154158898	0
75.96302825148992	0
75.96304496139268	0
75.96306167129728	0
75.96307838120374	0
75.963095091112	0
75.96311180102212	0
75.96312851093408	0
75.96314522084786	0
75.9631619307635	0
75.96317864068098	0
75.96319535060026	0
75.96321206052142	0
75.96322877044438	0
75.96324548036922	0
75.96326219029586	0
75.96327890022436	0
75.9632956101547	0
75.96331232008686	0
75.96332903002086	0
75.96334573995672	0
75.9633624498944	0
75.96337915983392	0
75.96339586977528	0
75.96341257971848	0
75.96342928966352	0
75.9634459996104	0
75.9634627095591	0
75.96347941950964	0
75.96349612946204	0
75.96351283941626	0
75.96352954937232	0
75.96354625933022	0
75.96356296928996	0
75.96357967925152	0
75.96359638921494	0
75.9636130991802	0
75.9636298091473	0
75.96364651911622	0
75.96366322908698	0
75.9636799390596	0
75.96369664903402	0
75.96371335901032	0
75.96373006898844	0
75.9637467789684	0
75.96376348895016	0
75.9637801989338	0
75.96379690891926	0
75.96381361890658	0
75.96383032889572	0
75.96384703888672	0
75.96386374887952	0
75.9638804588742	0
75.96389716887068	0
75.96391387886902	0
75.96393058886918	0
75.9639472988712	0
75.96396400887506	0
75.96398071888072	0
75.96399742888826	0
75.96401413889762	0
75.96403084890882	0
75.96404755892186	0
75.96406426893672	0
75.96408097895344	0
75.964097688972	0
75.96411439899236	0
75.9641311090146	0
75.96414781903866	0
75.96416452906456	0
75.9641812390923	0
75.96419794912188	1
75.96421465915328	0
75.96423136918656	0
75.96424807922166	0
75.96426478925856	0
75.96428149929734	0
75.96429820933794	0
75.9643149193804	0
75.96433162942466	0
75.9643483394708	0
75.96436504951874	0
75.96438175956854	0
75.96439846962016	0
75.96441517967364	0
75.96443188972894	0
75.9644485997861	0
75.96446530984508	0
75.9644820199059	0
75.96449872996854	0
75.96451544003306	0
75.96453215009938	0
75.96454886016756	0
75.96456557023758	0
75.96458228030942	0
75.96459899038312	0
75.96461570045862	0
75.964632410536	0
75.9646491206152	0
75.96466583069624	0
75.9646825407791	0
75.96469925086382	0
75.96471596095038	0
75.96473267103876	0
75.96474938112898	0
75.96476609122106	0
75.96478280131496	0
75.9647995114107	0
75.96481622150828	0
75.9648329316077	0
75.96484964170896	0
75.96486635181204	0
75.96488306191698	0
75.96489977202374	0
75.96491648213236	0
75.96493319224278	0
75.96494990235508	0
75.96496661246918	0
75.96498332258516	0
75.96500003270294	0
75.96501674282258	0
75.96503345294404	0
75.96505016306736	0
75.9650668731925	0
75.96508358331948	0
75.9651002934483	0
75.96511700357898	0
75.96513371371148	0
75.9651504238458	0
75.965167133982	0
75.96518384412	0
75.96520055425986	0
75.96521726440154	0
75.96523397454506	0
75.96525068469042	0
75.96526739483762	0
75.96528410498666	0
75.96530081513754	0
75.96531752529026	0
75.96533423544482	0
75.9653509456012	0
75.96536765575942	0
75.9653843659195	0
75.9654010760814	0
75.96541778624514	0
75.96543449641072	0
75.96545120657814	0
75.9654679167474	0
75.9654846269185	0
75.96550133709142	0
75.9655180472662	0
75.9655347574428	0
75.96555146762124	0
75.96556817780152	0
75.96558488798366	0
75.9656015981676	0
75.9656183083534	0
75.96563501854102	0
75.96565172873052	0
75.96566843892182	0
75.96568514911496	0
75.96570185930996	0
75.96571856950678	0
75.96573527970544	0
75.96575198990594	0
75.96576870010828	0
75.96578541031246	0
75.96580212051848	0
75.96581883072632	0
75.96583554093602	0
75.96585225114752	0
75.9658689613609	0
75.9658856715761	0
75.96590238179314	0
75.96591909201202	0
75.96593580223274	0
75.9659525124553	0
75.96596922267968	0
75.96598593290592	0
75.96600264313398	0
75.9660193533639	0
75.96603606359562	0
75.96605277382922	0
75.96606948406464	0
75.9660861943019	0
75.96610290454098	0
75.96611961478192	0
75.96613632502468	0
75.9661530352693	0
75.96616974551574	0
75.96618645576404	0
75.96620316601414	0
75.96621987626612	0
75.9662365865199	0
75.96625329677556	0
75.966270007033	0
75.96628671729234	0
75.96630342755348	0
75.96632013781648	0
75.9663368480813	0
75.96635355834796	0
75.96637026861646	0
75.9663869788868	0
75.96640368915898	0
75.96642039943298	0
75.96643710970884	0
75.96645381998654	0
75.96647053026606	0
75.96648724054742	0
75.96650395083064	0
75.96652066111568	0
75.96653737140256	0
75.96655408169126	0
75.96657079198182	0
75.96658750227422	0
75.96660421256844	0
75.96662092286452	0
75.96663763316242	0
75.96665434346218	0
75.96667105376376	0
75.96668776406718	0
75.96670447437242	0
75.96672118467954	0
75.96673789498846	0
75.96675460529924	0
75.96677131561184	0
75.9667880259263	0
75.96680473624258	0
75.9668214465607	0
75.96683815688066	0
75.96685486720246	0
75.9668715775261	0
75.96688828785158	0
75.9669049981789	0
75.96692170850804	0
75.96693841883904	0
75.96695512917186	0
75.96697183950654	0
75.96698854984302	0
75.96700526018138	0
75.96702197052154	0
75.96703868086356	1
75.9670553912074	0
75.9670721015531	0
75.96708881190062	0
75.96710552225	0
75.9671222326012	0
75.96713894295426	1
75.96715565330912	0
75.96717236366584	0
75.9671890740244	0
75.9672057843848	0
75.96722249474704	0
75.9672392051111	0
75.96725591547702	0
75.96727262584476	0
75.96728933621436	0
75.96730604658576	0
75.96732275695902	0
75.96733946733412	0
75.96735617771106	0
75.96737288808984	0
75.96738959847044	0
75.9674063088529	0
75.96742301923718	0
75.9674397296233	0
75.96745644001126	0
75.96747315040108	0
75.9674898607927	0
75.96750657118618	0
75.9675232815815	0
75.96753999197866	0
75.96755670237764	0
75.96757341277846	0
75.96759012318114	0
75.96760683358564	0
75.96762354399196	0
75.96764025440016	0
75.96765696481016	0
75.96767367522204	0
75.96769038563572	0
75.96770709605126	0
75.96772380646862	0
75.96774051688784	0
75.96775722730888	0
75.96777393773176	0
75.96779064815648	0
75.96780735858304	0
75.96782406901144	0
75.96784077944166	0
75.96785748987374	0
75.96787420030764	0
75.9678909107434	0
75.96790762118098	0
75.9679243316204	0
75.96794104206166	0
75.96795775250476	0
75.96797446294968	1
75.96799117339648	0
75.96800788384508	1
75.96802459429554	0
75.96804130474782	0
75.96805801520196	0
75.96807472565792	0
75.96809143611572	0
75.96810814657536	0
75.96812485703684	0
75.96814156750016	0
75.9681582779653	0
75.9681749884323	0
75.96819169890112	0
75.9682084093718	1
75.9682251198443	0
75.96824183031864	0
75.96825854079482	0
75.96827525127284	0
75.96829196175268	0
75.9683086722344	0
75.96832538271792	0
75.9683420932033	0
75.96835880369052	0
75.96837551417954	0
75.96839222467044	0
75.96840893516314	0
75.96842564565772	0
75.9684423561541	0
75.96845906665234	0
75.96847577715242	0
75.96849248765434	0
75.96850919815808	0
75.96852590866366	0
75.96854261917108	0
75.96855932968036	0
75.96857604019144	0
75.9685927507044	0
75.96860946121916	0
75.96862617173578	0
75.96864288225424	0
75.96865959277452	0
75.96867630329666	0
75.96869301382062	0
75.96870972434644	0
75.96872643487406	0
75.96874314540354	0
75.96875985593486	0
75.96877656646802	1
75.968793277003	0
75.96880998753984	0
75.9688266980785	0
75.96884340861902	0
75.96886011916136	0
75.96887682970554	0
75.96889354025154	0
75.96891025079942	0
75.96892696134912	0
75.96894367190064	0
75.96896038245402	0
75.96897709300922	0
75.96899380356626	0
75.96901051412516	0
75.96902722468588	0
75.96904393524844	0
75.96906064581284	0
75.96907735637906	0
75.96909406694716	0
75.96911077751706	0
75.9691274880888	0
75.9691441986624	0
75.96916090923782	0
75.96917761981508	0
75.9691943303942	0
75.96921104097512	0
75.9692277515579	0
75.96924446214254	0
75.96926117272896	0
75.96927788331726	0
75.9692945939074	0
75.96931130449936	0
75.96932801509316	0
75.96934472568882	0
75.96936143628628	0
75.9693781468856	0
75.96939485748676	0
75.96941156808976	0
75.96942827869458	0
75.96944498930126	0
75.96946169990976	0
75.96947841052012	0
75.96949512113228	0
75.96951183174632	0
75.96952854236218	0
75.96954525297988	0
75.9695619635994	0
75.96957867422078	0
75.969595384844	0
75.96961209546904	0
75.96962880609594	0
75.96964551672464	0
75.96966222735522	0
75.96967893798762	0
75.96969564862186	0
75.96971235925792	0
75.96972906989584	1
75.96974578053558	0
75.96976249117718	0
75.9697792018206	0
75.96979591246588	0
75.96981262311298	0
75.96982933376192	0
75.9698460444127	1
75.96986275506532	0
75.96987946571978	0
75.96989617637606	0
75.96991288703418	0
75.96992959769416	0
75.96994630835596	0
75.9699630190196	0
75.96997972968508	0
75.9699964403524	0
75.97001315102156	0
75.97002986169256	0
75.9700465723654	0
75.97006328304006	0
75.97007999371658	0
75.97009670439492	0
75.9701134150751	0
75.97013012575712	0
75.97014683644098	1
75.9701635471267	0
75.97018025781422	0
75.9701969685036	0
75.9702136791948	0
75.97023038988786	0
75.97024710058274	0
75.97026381127948	0
75.97028052197804	0
75.97029723267844	0
75.97031394338066	0
75.97033065408476	0
75.97034736479066	0
75.97036407549842	0
75.97038078620802	0
75.97039749691944	0
75.9704142076327	0
75.9704309183478	0
75.97044762906476	0
75.97046433978352	0
75.97048105050416	0
75.9704977612266	0
75.9705144719509	0
75.97053118267702	0
75.970547893405	0
75.9705646041348	0
75.97058131486646	0
75.97059802559994	0
75.97061473633526	0
75.97063144707242	0
75.97064815781142	0
75.97066486855224	0
75.97068157929492	0
75.97069829003944	0
75.97071500078578	0
75.97073171153396	0
75.97074842228398	0
75.97076513303586	0
75.97078184378954	0
75.97079855454508	0
75.97081526530246	0
75.97083197606168	0
75.97084868682272	0
75.97086539758562	0
75.97088210835032	0
75.9708988191169	0
75.9709155298853	0
75.97093224065554	0
75.97094895142762	1
75.97096566220154	0
75.9709823729773	0
75.97099908375488	0
75.97101579453432	0
75.97103250531558	0
75.9710492160987	0
75.97106592688364	0
75.97108263767042	0
75.97109934845902	0
75.9711160592495	0
75.97113277004178	0
75.97114948083592	1
75.97116619163188	0
75.9711829024297	0
75.97119961322934	0
75.97121632403082	0
75.97123303483414	0
75.97124974563932	0
75.97126645644632	0
75.97128316725514	0
75.97129987806582	0
75.97131658887832	0
75.9713332996927	0
75.97135001050886	0
75.9713667213269	0
75.97138343214676	0
75.97140014296846	0
75.971416853792	0
75.97143356461738	0
75.97145027544458	0
75.97146698627364	0
75.97148369710452	0
75.97150040793726	0
75.97151711877182	0
75.97153382960822	0
75.97155054044648	0
75.97156725128654	0
75.97158396212846	0
75.97160067297222	0
75.97161738381782	0
75.97163409466524	0
75.97165080551452	0
75.97166751636562	0
75.97168422721856	0
75.97170093807334	0
75.97171764892998	0
75.97173435978842	0
75.97175107064872	0
75.97176778151086	0
75.97178449237482	0
75.97180120324064	0
75.9718179141083	0
75.97183462497776	0
75.9718513358491	0
75.97186804672226	0
75.97188475759726	0
75.9719014684741	0
75.97191817935278	0
75.9719348902333	1
75.97195160111562	0
75.97196831199982	0
75.97198502288586	0
75.97200173377372	0
75.97201844466342	0
75.97203515555496	0
75.97205186644834	0
75.97206857734356	0
75.9720852882406	0
75.9721019991395	0
75.97211871004022	0
75.9721354209428	0
75.9721521318472	0
75.97216884275344	0
75.97218555366152	0
75.97220226457144	0
75.9722189754832	0
75.9722356863968	0
75.97225239731222	0
75.97226910822948	0
75.9722858191486	0
75.97230253006954	0
75.97231924099234	0
75.97233595191696	0
75.97235266284342	0
75.9723693737717	0
75.97238608470184	0
75.97240279563382	0
75.97241950656762	0
75.9724362175033	0
75.97245292844076	0
75.9724696393801	0
75.97248635032126	0
75.97250306126426	0
75.97251977220908	0
75.97253648315576	0
75.97255319410428	0
75.97256990505464	0
75.97258661600682	0
75.97260332696086	0
75.97262003791672	0
75.97263674887442	0
75.97265345983396	0
75.97267017079534	0
75.97268688175856	0
75.9727035927236	0
75.97272030369052	0
75.97273701465924	0
75.97275372562982	0
75.9727704366022	0
75.97278714757646	0
75.97280385855254	0
75.97282056953046	0
75.97283728051022	0
75.97285399149182	0
75.97287070247524	0
75.97288741346052	0
75.97290412444762	0
75.97292083543658	0
75.97293754642736	0
75.97295425742	0
75.97297096841444	0
75.97298767941074	0
75.97300439040888	0
75.97302110140886	0
75.97303781241068	0
75.97305452341432	0
75.97307123441982	0
75.97308794542712	0
75.9731046564363	0
75.9731213674473	0
75.97313807846014	0
75.9731547894748	0
75.97317150049134	0
75.97318821150968	0
75.97320492252988	0
75.9732216335519	0
75.97323834457576	0
75.97325505560148	0
75.97327176662902	0
75.9732884776584	0
75.97330518868962	0
75.97332189972268	0
75.97333861075758	0
75.9733553217943	0
75.97337203283288	0
75.97338874387328	0
75.97340545491552	0
75.9734221659596	0
75.97343887700552	0
75.97345558805328	0
75.97347229910288	0
75.97348901015432	0
75.9735057212076	0
75.9735224322627	0
75.97353914331964	0
75.97355585437844	0
75.97357256543906	0
75.97358927650154	0
75.97360598756584	0
75.97362269863196	0
75.97363940969994	0
75.97365612076976	0
75.97367283184142	0
75.97368954291488	0
75.97370625399024	0
75.97372296506738	0
75.9737396761464	0
75.97375638722724	0
75.97377309830992	0
75.97378980939442	0
75.97380652048078	0
75.97382323156896	0
75.973839942659	0
75.97385665375086	0
75.97387336484458	0
75.97389007594014	0
75.97390678703752	0
75.97392349813674	0
75.97394020923778	0
75.97395692034068	0
75.9739736314454	0
75.973990342552	0
75.9740070536604	0
75.97402376477064	0
75.97404047588272	0
75.97405718699666	0
75.9740738981124	0
75.97409060923	0
75.97410732034944	0
75.97412403147072	0
75.97414074259382	0
75.97415745371878	0
75.97417416484556	0
75.9741908759742	0
75.97420758710466	0
75.97422429823696	0
75.9742410093711	0
75.97425772050708	0
75.9742744316449	0
75.97429114278454	0
75.97430785392604	0
75.97432456506936	1
75.97434127621454	0
75.97435798736154	0
75.97437469851038	0
75.97439140966104	0
75.97440812081356	1
75.97442483196792	0
75.97444154312412	0
75.97445825428214	0
75.97447496544202	0
75.97449167660374	0
75.97450838776728	0
75.97452509893266	0
75.97454181009988	0
75.97455852126896	0
75.97457523243984	0
75.97459194361258	0
75.97460865478714	0
75.97462536596356	0
75.9746420771418	0
75.9746587883219	0
75.9746754995038	0
75.97469221068756	0
75.97470892187316	0
75.97472563306062	0
75.97474234424988	0
75.974759055441	0
75.97477576663396	0
75.97479247782874	0
75.97480918902536	0
75.97482590022382	0
75.97484261142414	0
75.97485932262628	0
75.97487603383026	0
75.97489274503606	0
75.97490945624372	0
75.97492616745322	0
75.97494287866456	0
75.9749595898777	0
75.97497630109272	0
75.97499301230956	0
75.97500972352826	0
75.97502643474876	0
75.97504314597112	0
75.97505985719532	0
75.97507656842134	0
75.97509327964924	0
75.97510999087892	0
75.97512670211048	0
75.97514341334386	0
75.9751601245791	0
75.97517683581614	0
75.97519354705504	0
75.97521025829578	0
75.97522696953836	0
75.97524368078276	0
75.97526039202902	0
75.9752771032771	0
75.97529381452702	0
75.97531052577878	0
75.9753272370324	0
75.97534394828782	0
75.9753606595451	0
75.97537737080422	0
75.97539408206516	0
75.97541079332798	0
75.9754275045926	0
75.97544421585906	0
75.97546092712736	0
75.97547763839752	0
75.97549434966948	0
75.9755110609433	0
75.97552777221896	0
75.97554448349646	0
75.97556119477578	0
75.97557790605696	0
75.97559461733996	0
75.9756113286248	0
75.97562803991148	0
75.97564475120002	0
75.97566146249036	0
75.97567817378256	0
75.9756948850766	0
75.97571159637246	0
75.97572830767018	0
75.97574501896972	0
75.97576173027112	0
75.97577844157434	0
75.9757951528794	0
75.97581186418628	0
75.97582857549504	0
75.9758452868056	0
75.97586199811802	0
75.97587870943228	0
75.97589542074836	0
75.97591213206628	0
75.97592884338604	0
75.97594555470766	0
75.9759622660311	0
75.97597897735638	0
75.97599568868348	0
75.97601240001246	0
75.97602911134322	0
75.97604582267588	0
75.97606253401032	0
75.97607924534664	0
75.97609595668478	0
75.97611266802476	0
75.97612937936658	0
75.97614609071024	0
75.97616280205574	0
75.97617951340308	0
75.97619622475224	0
75.97621293610324	0
75.9762296474561	0
75.97624635881078	0
75.97626307016732	0
75.97627978152566	0
75.97629649288586	0
75.9763132042479	0
75.97632991561178	0
75.97634662697748	0
75.97636333834502	0
75.97638004971442	0
75.97639676108564	0
75.9764134724587	0
75.9764301838336	0
75.97644689521034	0
75.97646360658892	0
75.97648031796932	0
75.97649702935158	0
75.97651374073566	0
75.9765304521216	0
75.97654716350938	0
75.97656387489896	0
75.97658058629042	0
75.97659729768368	0
75.9766140090788	0
75.97663072047576	0
75.97664743187456	0
75.97666414327518	0
75.97668085467766	0
75.97669756608196	0
75.9767142774881	0
75.97673098889608	0
75.97674770030592	0
75.97676441171756	0
75.97678112313106	0
75.9767978345464	0
75.97681454596356	0
75.9768312573826	0
75.97684796880344	0
75.97686468022612	0
75.97688139165064	0
75.976898103077	0
75.9769148145052	0
75.97693152593524	0
75.9769482373671	0
75.97696494880082	0
75.97698166023636	0
75.97699837167376	0
75.97701508311298	0
75.97703179455406	0
75.97704850599696	0
75.9770652174417	0
75.97708192888826	0
75.97709864033668	0
75.97711535178694	0
75.97713206323904	0
75.97714877469296	0
75.97716548614872	0
75.97718219760634	0
75.97719890906576	0
75.97721562052706	0
75.97723233199018	0
75.97724904345514	1
75.97726575492192	0
75.97728246639056	0
75.97729917786102	0
75.97731588933334	0
75.97733260080748	0
75.97734931228348	0
75.97736602376128	0
75.97738273524094	0
75.97739944672244	0
75.97741615820578	0
75.97743286969096	0
75.97744958117796	0
75.97746629266682	0
75.9774830041575	0
75.97749971565004	0
75.97751642714438	0
75.97753313864058	0
75.97754985013862	0
75.9775665616385	0
75.9775832731402	0
75.97759998464376	0
75.97761669614914	0
75.97763340765638	0
75.97765011916544	0
75.97766683067634	0
75.97768354218908	0
75.97770025370368	0
75.9777169652201	0
75.97773367673834	0
75.97775038825844	0
75.97776709978038	0
75.97778381130414	0
75.97780052282974	0
75.9778172343572	0
75.97783394588646	0
75.9778506574176	0
75.97786736895054	0
75.97788408048534	0
75.97790079202198	0
75.97791750356046	0
75.97793421510076	0
75.9779509266429	0
75.97796763818688	0
75.97798434973272	0
75.97800106128038	0
75.97801777282986	0
75.97803448438122	0
75.97805119593438	0
75.9780679074894	0
75.97808461904624	0
75.97810133060494	0
75.97811804216546	0
75.97813475372782	0
75.97815146529202	0
75.97816817685806	0
75.97818488842594	0
75.97820159999566	0
75.9782183115672	0
75.9782350231406	0
75.97825173471582	0
75.9782684462929	0
75.9782851578718	0
75.97830186945254	0
75.97831858103514	0
75.97833529261954	1
75.9783520042058	0
75.97836871579388	0
75.97838542738384	0
75.97840213897558	0
75.9784188505692	0
75.97843556216464	0
75.97845227376194	0
75.97846898536104	0
75.97848569696202	0
75.9785024085648	0
75.97851912016944	0
75.9785358317759	0
75.97855254338424	0
75.97856925499438	0
75.97858596660636	0
75.97860267822018	0
75.97861938983584	0
75.97863610145336	0
75.97865281307268	0
75.97866952469386	0
75.97868623631686	0
75.97870294794174	0
75.9787196595684	0
75.97873637119694	0
75.9787530828273	0
75.97876979445952	0
75.97878650609354	0
75.97880321772942	0
75.97881992936714	0
75.9788366410067	0
75.9788533526481	0
75.97887006429132	0
75.9788867759364	0
75.9789034875833	0
75.97892019923204	0
75.97893691088262	0
75.97895362253504	0
75.97897033418928	0
75.9789870458454	0
75.97900375750332	0
75.9790204691631	0
75.9790371808247	0
75.97905389248816	0
75.97907060415344	0
75.97908731582056	0
75.97910402748952	0
75.97912073916032	0
75.97913745083294	0
75.97915416250744	0
75.97917087418376	0
75.97918758586188	0
75.97920429754188	0
75.9792210092237	0
75.97923772090736	0
75.97925443259288	0
75.9792711442802	0
75.97928785596938	0
75.9793045676604	0
75.97932127935324	0
75.97933799104794	0
75.97935470274446	0
75.97937141444284	0
75.97938812614304	0
75.97940483784508	0
75.97942154954896	0
75.97943826125468	0
75.97945497296224	0
75.97947168467162	0
75.97948839638286	0
75.97950510809592	0
75.97952181981084	0
75.97953853152758	0
75.97955524324618	0
75.9795719549666	0
75.97958866668884	0
75.97960537841294	0
75.97962209013888	0
75.97963880186664	0
75.97965551359626	0
75.9796722253277	0
75.979688937061	0
75.97970564879612	0
75.97972236053308	0
75.97973907227188	0
75.97975578401252	0
75.979772495755	0
75.9797892074993	0
75.97980591924546	0
75.97982263099344	0
75.97983934274328	0
75.97985605449494	0
75.97987276624844	0
75.97988947800378	0
75.97990618976096	0
75.97992290151998	0
75.97993961328084	0
75.97995632504352	0
75.97997303680806	0
75.97998974857442	0
75.98000646034262	0
75.98002317211268	0
75.98003988388454	0
75.98005659565828	0
75.98007330743384	0
75.98009001921122	0
75.98010673099044	0
75.98012344277154	0
75.98014015455442	0
75.9801568663392	0
75.98017357812576	0
75.9801902899142	0
75.98020700170444	0
75.98022371349654	0
75.98024042529048	0
75.98025713708626	0
75.98027384888386	0
75.98029056068332	0
75.9803072724846	0
75.98032398428772	0
75.9803406960927	0
75.9803574078995	0
75.98037411970814	0
75.9803908315186	0
75.98040754333094	0
75.98042425514508	0
75.98044096696108	0
75.9804576787789	0
75.98047439059856	0
75.98049110242006	0
75.9805078142434	0
75.98052452606858	0
75.9805412378956	0
75.98055794972444	0
75.98057466155516	0
75.98059137338768	0
75.98060808522204	0
75.98062479705826	0
75.9806415088963	0
75.9806582207362	0
75.9806749325779	0
75.98069164442148	0
75.98070835626686	0
75.9807250681141	0
75.98074177996316	0
75.98075849181408	0
75.98077520366682	0
75.98079191552142	0
75.98080862737784	0
75.9808253392361	0
75.98084205109618	0
75.98085876295812	0
75.9808754748219	0
75.98089218668752	1
75.98090889855498	0
75.98092561042426	0
75.9809423222954	0
75.98095903416834	0
75.98097574604316	0
75.98099245791978	0
75.98100916979828	0
75.98102588167858	0
75.98104259356074	0
75.98105930544472	0
75.98107601733056	0
75.98109272921822	0
75.98110944110774	0
75.98112615299908	0
75.98114286489226	0
75.98115957678726	0
75.98117628868414	0
75.98119300058284	0
75.98120971248336	0
75.98122642438572	0
75.98124313628994	0
75.981259848196	0
75.98127656010386	0
75.9812932720136	0
75.98130998392514	0
75.98132669583856	0
75.98134340775378	0
75.98136011967086	0
75.98137683158976	0
75.98139354351052	0
75.9814102554331	0
75.98142696735752	0
75.98144367928378	0
75.98146039121188	0
75.98147710314182	0
75.98149381507362	0
75.98151052700722	0
75.98152723894266	0
75.98154395087998	0
75.98156066281908	0
75.98157737476006	0
75.98159408670286	0
75.9816107986475	0
75.98162751059398	0
75.9816442225423	0
75.98166093449244	0
75.98167764644444	0
75.98169435839826	0
75.98171107035394	0
75.98172778231144	0
75.9817444942708	0
75.98176120623198	0
75.981777918195	0
75.98179463015986	0
75.98181134212656	0
75.9818280540951	0
75.98184476606546	0
75.98186147803766	0
75.9818781900117	0
75.9818949019876	0
75.98191161396532	0
75.98192832594488	0
75.98194503792628	0
75.98196174990952	0
75.98197846189458	0
75.9819951738815	0
75.98201188587024	0
75.98202859786084	0
75.98204530985326	0
75.98206202184754	0
75.98207873384364	0
75.98209544584158	0
75.98211215784136	0
75.98212886984298	0
75.98214558184642	0
75.9821622938517	0
75.98217900585884	0
75.9821957178678	0
75.98221242987862	0
75.98222914189124	0
75.98224585390574	0
75.98226256592204	0
75.98227927794022	0
75.9822959899602	0
75.98231270198204	0
75.9823294140057	0
75.9823461260312	0
75.98236283805856	0
75.98237955008774	0
75.98239626211878	0
75.98241297415162	0
75.98242968618632	0
75.98244639822286	0
75.98246311026124	0
75.98247982230144	0
75.98249653434348	0
75.98251324638738	0
75.9825299584331	0
75.98254667048066	0
75.98256338253006	0
75.9825800945813	0
75.98259680663438	0
75.98261351868928	0
75.98263023074604	0
75.98264694280462	0
75.98266365486506	0
75.98268036692734	0
75.98269707899142	0
75.98271379105736	0
75.98273050312514	0
75.98274721519476	0
75.98276392726622	0
75.98278063933952	0
75.98279735141464	0
75.9828140634916	0
75.98283077557042	0
75.98284748765106	0
75.98286419973354	0
75.98288091181786	0
75.98289762390402	0
75.98291433599202	0
75.98293104808184	0
75.98294776017352	0
75.98296447226704	0
75.98298118436238	0
75.98299789645958	0
75.98301460855858	0
75.98303132065946	0
75.98304803276214	0
75.98306474486668	0
75.98308145697304	0
75.98309816908126	0
75.9831148811913	0
75.9831315933032	0
75.98314830541692	0
75.9831650175325	0
75.9831817296499	0
75.98319844176914	0
75.9832151538902	0
75.98323186601312	0
75.98324857813788	0
75.98326529026446	0
75.9832820023929	0
75.98329871452316	0
75.98331542665528	0
75.98333213878922	0
75.98334885092498	0
75.98336556306262	0
75.98338227520206	0
75.98339898734336	0
75.9834156994865	0
75.98343241163146	0
75.98344912377826	0
75.98346583592692	0
75.9834825480774	0
75.98349926022972	0
75.98351597238388	0
75.98353268453988	0
75.9835493966977	0
75.98356610885738	0
75.9835828210189	0
75.98359953318224	0
75.98361624534742	0
75.98363295751444	0
75.9836496696833	0
75.98366638185402	0
75.98368309402656	0
75.98369980620092	0
75.98371651837712	0
75.9837332305552	0
75.98374994273506	0
75.98376665491682	0
75.98378336710036	0
75.98380007928578	0
75.983816791473	0
75.98383350366208	0
75.98385021585302	0
75.98386692804576	0
75.98388364024036	0
75.98390035243678	0
75.98391706463506	0
75.98393377683514	0
75.9839504890371	0
75.98396720124088	0
75.9839839134465	0
75.98400062565396	0
75.98401733786326	0
75.98403405007438	0
75.98405076228736	0
75.98406747450216	0
75.9840841867188	0
75.9841008989373	0
75.98411761115762	0
75.98413432337978	0
75.98415103560378	0
75.98416774782962	0
75.98418446005728	0
75.9842011722868	0
75.98421788451816	0
75.98423459675134	0
75.98425130898636	0
75.98426802122324	0
75.98428473346192	0
75.98430144570248	0
75.98431815794484	0
75.98433487018906	0
75.9843515824351	0
75.984368294683	0
75.98438500693272	0
75.9844017191843	0
75.9844184314377	0
75.98443514369294	0
75.98445185595004	0
75.98446856820894	0
75.9844852804697	0
75.98450199273228	0
75.98451870499672	0
75.98453541726298	0
75.9845521295311	0
75.98456884180104	0
75.98458555407282	0
75.98460226634644	0
75.9846189786219	0
75.98463569089918	0
75.98465240317834	0
75.9846691154593	0
75.98468582774212	0
75.98470254002676	0
75.98471925231324	0
75.98473596460158	0
75.98475267689174	0
75.98476938918374	0
75.98478610147758	0
75.98480281377324	0
75.98481952607076	0
75.98483623837012	0
75.9848529506713	0
75.98486966297432	0
75.98488637527918	0
75.9849030875859	0
75.98491979989444	0
75.98493651220482	0
75.98495322451702	0
75.98496993683108	0
75.98498664914696	0
75.9850033614647	0
75.98502007378428	0
75.98503678610568	0
75.98505349842894	0
75.985070210754	0
75.98508692308092	0
75.98510363540968	0
75.98512034774026	0
75.9851370600727	0
75.98515377240698	0
75.98517048474308	0
75.98518719708104	0
75.9852039094208	0
75.98522062176244	0
75.9852373341059	0
75.9852540464512	0
75.98527075879832	0
75.9852874711473	0
75.98530418349812	0
75.98532089585076	0
75.98533760820526	0
75.98535432056158	0
75.98537103291974	0
75.98538774527972	0
75.98540445764158	0
75.98542117000524	0
75.98543788237076	0
75.98545459473812	0
75.9854713071073	0
75.98548801947832	0
75.9855047318512	0
75.9855214442259	0
75.98553815660244	0
75.98555486898082	0
75.98557158136104	0
75.98558829374312	0
75.985605006127	0
75.98562171851274	0
75.98563843090028	0
75.9856551432897	0
75.98567185568094	0
75.98568856807402	0
75.98570528046894	0
75.98572199286572	0
75.9857387052643	0
75.98575541766474	0
75.985772130067	0
75.98578884247112	0
75.98580555487706	0
75.98582226728486	0
75.98583897969446	0
75.98585569210594	0
75.98587240451924	0
75.98588911693436	0
75.98590582935136	0
75.98592254177016	0
75.98593925419082	0
75.9859559666133	0
75.98597267903762	1
75.98598939146378	0
75.98600610389178	0
75.98602281632162	0
75.98603952875332	0
75.98605624118682	0
75.98607295362218	0
75.98608966605936	0
75.9861063784984	0
75.98612309093924	0
75.98613980338196	0
75.9861565158265	0
75.9861732282729	0
75.98618994072112	0
75.98620665317118	0
75.98622336562306	0
75.9862400780768	0
75.98625679053238	0
75.98627350298976	0
75.98629021544902	0
75.9863069279101	0
75.98632364037302	0
75.98634035283778	0
75.98635706530438	0
75.9863737777728	0
75.98639049024308	0
75.98640720271518	0
75.98642391518916	0
75.98644062766492	0
75.98645734014256	0
75.98647405262204	0
75.98649076510332	0
75.98650747758646	0
75.98652419007144	0
75.98654090255826	0
75.9865576150469	0
75.9865743275374	0
75.98659104002972	0
75.98660775252388	0
75.98662446501988	0
75.98664117751774	0
75.9866578900174	0
75.98667460251892	0
75.98669131502228	0
75.98670802752748	0
75.9867247400345	0
75.98674145254338	0
75.98675816505408	0
75.98677487756662	0
75.98679159008102	0
75.98680830259724	0
75.9868250151153	0
75.98684172763518	0
75.98685844015692	0
75.98687515268048	0
75.9868918652059	0
75.98690857773314	0
75.98692529026222	0
75.98694200279314	0
75.98695871532592	0
75.9869754278605	0
75.98699214039694	0
75.9870088529352	0
75.98702556547532	0
75.98704227801728	0
75.98705899056108	0
75.9870757031067	0
75.98709241565416	0
75.98710912820346	0
75.9871258407546	0
75.98714255330758	0
75.9871592658624	0
75.98717597841906	0
75.98719269097752	0
75.98720940353786	0
75.98722611610002	0
75.98724282866404	0
75.98725954122988	0
75.98727625379756	0
75.98729296636706	0
75.98730967893844	0
75.98732639151162	0
75.98734310408666	0
75.98735981666354	0
75.98737652924224	0
75.9873932418228	0
75.98740995440518	0
75.9874266669894	0
75.98744337957544	0
75.98746009216336	0
75.98747680475308	0
75.98749351734466	0
75.98751022993806	0
75.98752694253332	0
75.98754365513038	0
75.98756036772932	0
75.98757708033008	0
75.9875937929327	0
75.98761050553712	0
75.9876272181434	0
75.98764393075152	0
75.98766064336146	0
75.98767735597326	0
75.98769406858688	0
75.98771078120234	0
75.98772749381964	0
75.9877442064388	0
75.98776091905976	0
75.98777763168258	0
75.98779434430724	0
75.98781105693372	0
75.98782776956206	0
75.98784448219224	0
75.98786119482422	0
75.98787790745808	1
75.98789462009374	0
75.98791133273128	0
75.98792804537064	0
75.98794475801182	0
75.98796147065488	0
75.98797818329974	0
75.98799489594644	0
75.988011608595	1
75.98802832124538	0
75.9880450338976	0
75.98806174655168	0
75.98807845920754	0
75.9880951718653	0
75.98811188452486	1
75.98812859718628	1
75.98814530984952	0
75.98816202251462	0
75.98817873518154	0
75.9881954478503	0
75.98821216052092	0
75.98822887319334	0
75.98824558586764	0
75.98826229854374	0
75.9882790112217	0
75.98829572390148	0
75.98831243658312	0
75.98832914926656	0
75.98834586195188	0
75.98836257463902	0
75.988379287328	0
75.98839600001882	0
75.98841271271148	0
75.98842942540596	0
75.9884461381023	0
75.98846285080046	0
75.98847956350048	1
75.98849627620234	0
75.988512988906	0
75.98852970161154	0
75.98854641431888	0
75.9885631270281	0
75.98857983973912	0
75.988596552452	0
75.9886132651667	0
75.98862997788326	0
75.98864669060164	0
75.98866340332186	0
75.98868011604392	0
75.98869682876782	0
75.98871354149356	0
75.98873025422112	0
75.98874696695054	0
75.9887636796818	0
75.98878039241488	0
75.98879710514982	0
75.98881381788658	0
75.98883053062518	0
75.98884724336564	0
75.9888639561079	0
75.98888066885202	0
75.98889738159798	0
75.98891409434576	0
75.9889308070954	0
75.98894751984686	0
75.98896423260016	0
75.98898094535532	0
75.98899765811228	0
75.9890143708711	0
75.98903108363176	0
75.98904779639426	0
75.98906450915858	0
75.98908122192476	0
75.98909793469278	0
75.98911464746262	0
75.98913136023432	0
75.98914807300782	0
75.9891647857832	0
75.98918149856038	0
75.98919821133942	1
75.9892149241203	0
75.989231636903	0
75.98924834968754	0
75.98926506247394	0
75.98928177526216	0
75.98929848805224	0
75.98931520084412	0
75.98933191363788	0
75.98934862643344	1
75.98936533923086	0
75.98938205203012	0
75.9893987648312	0
75.98941547763414	0
75.9894321904389	0
75.9894489032455	0
75.98946561605394	0
75.98948232886424	0
75.98949904167632	0
75.9895157544903	0
75.98953246730608	0
75.98954918012372	0
75.98956589294318	0
75.9895826057645	0
75.98959931858762	0
75.98961603141262	0
75.98963274423944	0
75.9896494570681	0
75.9896661698986	0
75.98968288273094	0
75.9896995955651	0
75.98971630840112	0
75.98973302123896	0
75.98974973407864	0
75.98976644692018	0
75.98978315976352	0
75.98979987260874	0
75.98981658545576	0
75.98983329830466	0
75.98985001115534	0
75.98986672400792	0
75.9898834368623	0
75.98990014971852	0
75.98991686257658	0
75.98993357543648	0
75.98995028829822	0
75.9899670011618	0
75.98998371402722	0
75.99000042689448	0
75.99001713976358	0
75.9900338526345	0
75.99005056550726	0
75.99006727838186	0
75.99008399125832	0
75.99010070413658	0
75.99011741701672	0
75.99013412989866	0
75.99015084278246	0
75.99016755566808	0
75.99018426855558	1
75.99020098144486	0
75.99021769433602	0
75.990234407229	0
75.99025112012382	0
75.99026783302048	0
75.99028454591898	0
75.99030125881932	0
75.99031797172148	0
75.99033468462552	0
75.99035139753134	0
75.99036811043904	0
75.99038482334856	0
75.99040153625992	0
75.99041824917312	0
75.99043496208816	0
75.99045167500504	0
75.99046838792376	0
75.9904851008443	0
75.9905018137667	0
75.99051852669092	0
75.990535239617	0
75.9905519525449	0
75.99056866547464	0
75.99058537840622	0
75.99060209133962	0
75.9906188042749	0
75.99063551721198	0
75.99065223015092	0
75.99066894309168	0
75.9906856560343	0
75.99070236897872	0
75.99071908192502	0
75.99073579487312	0
75.9907525078231	0
75.99076922077488	0
75.99078593372852	0
75.99080264668398	0
75.9908193596413	0
75.99083607260046	0
75.99085278556144	0
75.99086949852426	0
75.99088621148892	0
75.99090292445542	0
75.99091963742374	0
75.99093635039392	0
75.99095306336594	0
75.9909697763398	0
75.99098648931548	0
75.991003202293	0
75.99101991527236	0
75.99103662825358	0
75.99105334123662	0
75.99107005422148	0
75.9910867672082	0
75.99110348019676	0
75.99112019318714	0
75.99113690617938	0
75.99115361917346	0
75.99117033216936	0
75.9911870451671	0
75.99120375816666	0
75.9912204711681	0
75.99123718417134	1
75.99125389717646	0
75.99127061018336	0
75.99128732319214	0
75.99130403620276	0
75.9913207492152	0
75.99133746222948	0
75.9913541752456	0
75.99137088826356	0
75.99138760128336	0
75.991404314305	0
75.99142102732846	0
75.99143774035378	0
75.99145445338092	0
75.99147116640992	0
75.99148787944074	0
75.9915045924734	0
75.9915213055079	0
75.99153801854424	0
75.99155473158242	0
75.99157144462242	0
75.99158815766428	0
75.99160487070798	0
75.99162158375348	0
75.99163829680086	0
75.99165500985006	0
75.9916717229011	0
75.99168843595398	0
75.9917051490087	0
75.99172186206526	0
75.99173857512366	0
75.99175528818388	0
75.99177200124596	0
75.99178871430986	0
75.9918054273756	0
75.99182214044318	0
75.9918388535126	0
75.99185556658386	0
75.99187227965696	0
75.9918889927319	0
75.99190570580866	0
75.99192241888728	0
75.9919391319677	0
75.99195584505	0
75.99197255813412	0
75.99198927122008	0
75.99200598430788	0
75.99202269739752	0
75.992039410489	0
75.9920561235823	0
75.99207283667746	0
75.99208954977444	0
75.99210626287326	0
75.99212297597394	0
75.99213968907642	0
75.99215640218078	0
75.99217311528696	0
75.99218982839496	0
75.99220654150482	0
75.9922232546165	0
75.99223996773004	0
75.9922566808454	0
75.99227339396262	0
75.99229010708164	0
75.99230682020254	0
75.99232353332526	0
75.9923402464498	0
75.9923569595762	0
75.99237367270442	1
75.9923903858345	0
75.9924070989664	0
75.99242381210016	0
75.99244052523572	0
75.99245723837316	0
75.99247395151242	0
75.99249066465352	0
75.99250737779644	1
75.99252409094122	0
75.99254080408782	0
75.99255751723628	0
75.99257423038656	0
75.9925909435387	0
75.99260765669266	0
75.99262436984844	0
75.9926410830061	0
75.99265779616556	0
75.99267450932688	0
75.99269122249002	0
75.99270793565502	0
75.99272464882184	0
75.99274136199052	0
75.99275807516102	0
75.99277478833336	0
75.99279150150754	0
75.99280821468356	0
75.9928249278614	0
75.9928416410411	0
75.99285835422262	1
75.992875067406	0
75.9928917805912	0
75.99290849377824	0
75.99292520696714	0
75.99294192015784	0
75.9929586333504	0
75.99297534654478	0
75.99299205974104	0
75.9930087729391	0
75.993025486139	0
75.99304219934076	0
75.99305891254434	0
75.99307562574976	0
75.99309233895702	0
75.9931090521661	0
75.99312576537704	0
75.99314247858982	0
75.99315919180444	0
75.9931759050209	0
75.99319261823918	1
75.9932093314593	0
75.99322604468126	0
75.99324275790508	0
75.9932594711307	0
75.99327618435818	0
75.9932928975875	0
75.99330961081866	0
75.99332632405164	0
75.99334303728646	0
75.99335975052314	1
75.99337646376164	0
75.99339317700198	0
75.99340989024416	0
75.99342660348816	0
75.99344331673404	0
75.99346002998172	0
75.99347674323126	0
75.99349345648262	1
75.99351016973584	0
75.99352688299088	0
75.99354359624776	0
75.99356030950648	0
75.99357702276704	0
75.99359373602944	0
75.99361044929368	0
75.99362716255976	1
75.99364387582764	0
75.9936605890974	0
75.99367730236898	0
75.9936940156424	0
75.99371072891766	0
75.99372744219478	0
75.9937441554737	0
75.99376086875448	0
75.9937775820371	1
75.99379429532156	0
75.99381100860784	0
75.99382772189596	0
75.99384443518594	0
75.99386114847772	0
75.99387786177138	0
75.99389457506686	0
75.99391128836416	0
75.99392800166332	0
75.99394471496432	0
75.99396142826714	1
75.9939781415718	0
75.99399485487832	0
75.99401156818666	0
75.99402828149682	0
75.99404499480886	0
75.99406170812272	0
75.9940784214384	0
75.99409513475594	0
75.99411184807532	0
75.99412856139652	0
75.99414527471956	0
75.99416198804446	0
75.99417870137118	0
75.99419541469974	0
75.99421212803014	0
75.99422884136238	0
75.99424555469644	0
75.99426226803234	0
75.9942789813701	0
75.9942956947097	0
75.9943124080511	0
75.99432912139438	0
75.99434583473948	0
75.99436254808642	0
75.9943792614352	0
75.9943959747858	0
75.99441268813826	0
75.99442940149254	0
75.99444611484868	0
75.99446282820664	0
75.99447954156646	0
75.99449625492808	0
75.99451296829156	0
75.99452968165688	0
75.99454639502404	0
75.99456310839302	0
75.99457982176386	0
75.99459653513652	0
75.99461324851104	0
75.99462996188738	0
75.99464667526556	1
75.9946633886456	1
75.99468010202744	0
75.99469681541116	0
75.99471352879668	0
75.99473024218406	1
75.99474695557326	0
75.99476366896432	0
75.99478038235718	0
75.99479709575192	0
75.99481380914848	0
75.99483052254688	0
75.99484723594712	0
75.99486394934918	0
75.9948806627531	0
75.99489737615886	0
75.99491408956642	0
75.99493080297586	0
75.99494751638714	0
75.99496422980022	0
75.99498094321518	0
75.99499765663194	0
75.99501437005058	0
75.99503108347102	0
75.9950477968933	0
75.99506451031744	0
75.9950812237434	0
75.9950979371712	0
75.99511465060086	0
75.99513136403232	0
75.99514807746564	0
75.9951647909008	0
75.9951815043378	0
75.99519821777662	0
75.9952149312173	0
75.99523164465982	0
75.99524835810416	0
75.99526507155036	0
75.99528178499836	0
75.99529849844822	0
75.99531521189992	0
75.99533192535346	0
75.99534863880882	0
75.99536535226604	0
75.99538206572508	1
75.99539877918598	0
75.9954154926487	0
75.99543220611326	0
75.99544891957966	0
75.9954656330479	0
75.99548234651796	0
75.99549905998988	0
75.99551577346366	1
75.99553248693924	0
75.99554920041666	0
75.99556591389592	0
75.99558262737704	1
75.99559934085998	0
75.99561605434476	0
75.99563276783136	0
75.99564948131982	0
75.9956661948101	0
75.99568290830224	1
75.99569962179622	1
75.99571633529202	0
75.99573304878966	1
75.99574976228914	0
75.99576647579046	0
75.99578318929362	1
75.99579990279862	1
75.99581661630546	1
75.99583332981414	3
75.99585004332462	3
75.995866756837	3
75.99588347035116	2
75.9959001838672	4
75.99591689738504	1
75.99593361090474	1
75.99595032442628	2
75.99596703794966	2
75.99598375147488	1
75.99600046500192	4
75.99601717853082	3
75.99603389206154	2
75.9960506055941	3
75.9960673191285	0
75.99608403266474	3
75.99610074620282	0
75.99611745974274	2
75.99613417328448	5
75.99615088682808	3
75.9961676003735	4
75.99618431392078	4
75.99620102746988	2
75.99621774102082	6
75.9962344545736	2
75.99625116812822	5
75.99626788168466	1
75.99628459524298	2
75.9963013088031	2
75.99631802236508	3
75.99633473592888	3
75.99635144949454	4
75.996368163062	2
75.99638487663132	6
75.9964015902025	7
75.9964183037755	2
75.99643501735032	5
75.996451730927	6
75.99646844450552	6
75.99648515808586	8
75.99650187166804	6
75.99651858525206	4
75.99653529883794	5
75.99655201242562	3
75.99656872601516	3
75.99658543960654	5
75.99660215319976	6
75.9966188667948	7
75.99663558039168	8
75.99665229399042	9
75.99666900759098	8
75.9966857211934	7
75.99670243479764	11
75.99671914840372	9
75.99673586201162	7
75.9967525756214	12
75.99676928923296	10
75.99678600284642	9
75.99680271646166	12
75.99681943007878	9
75.99683614369772	8
75.9968528573185	8
75.99686957094112	15
75.99688628456558	13
75.99690299819186	6
75.99691971182	6
75.99693642544996	15
75.99695313908178	10
75.99696985271542	8
75.99698656635092	20
75.99700327998826	18
75.9970199936274	16
75.99703670726842	8
75.99705342091124	14
75.99707013455592	18
75.99708684820242	20
75.99710356185076	18
75.99712027550096	10
75.99713698915298	13
75.99715370280684	15
75.99717041646256	33
75.99718713012008	25
75.99720384377946	21
75.99722055744068	26
75.99723727110374	24
75.99725398476862	41
75.99727069843534	35
75.99728741210392	60
75.99730412577432	72
75.99732083944658	100
75.99733755312064	119
75.99735426679656	180
75.99737098047432	247
75.99738769415392	233
75.99740440783534	270
75.99742112151862	291
75.99743783520372	269
75.99745454889066	268
75.99747126257944	246
75.99748797627008	213
75.99750468996252	164
75.99752140365682	112
75.99753811735296	109
75.99755483105092	90
75.99757154475074	56
75.99758825845238	54
75.99760497215588	37
75.9976216858612	34
75.99763839956836	23
75.99765511327736	17
75.9976718269882	18
75.99768854070086	22
75.99770525441538	14
75.99772196813174	12
75.99773868184992	9
75.99775539556994	5
75.99777210929182	10
75.99778882301552	7
75.99780553674106	8
75.99782225046844	5
75.99783896419766	5
75.99785567792872	1
75.9978723916616	4
75.99788910539634	1
75.9979058191329	4
75.9979225328713	3
75.99793924661154	4
75.99795596035364	5
75.99797267409754	2
75.9979893878433	8
75.9980061015909	3
75.99802281534034	4
75.9980395290916	1
75.99805624284472	2
75.99807295659964	0
75.99808967035644	1
75.99810638411506	1
75.99812309787552	0
75.99813981163784	3
75.99815652540196	2
75.99817323916794	2
75.99818995293576	0
75.9982066667054	1
75.99822338047688	1
75.99824009425022	1
75.99825680802536	1
75.99827352180238	5
75.99829023558122	2
75.9983069493619	4
75.9983236631444	3
75.99834037692876	1
75.99835709071494	1
75.99837380450298	3
75.99839051829282	1
75.99840723208454	4
75.99842394587808	1
75.99844065967346	2
75.9984573734707	1
75.99847408726974	0
75.99849080107064	0
75.99850751487336	1
75.99852422867794	2
75.99854094248434	0
75.99855765629258	0
75.99857437010266	1
75.9985910839146	1
75.99860779772834	2
75.99862451154394	0
75.99864122536138	1
75.99865793918066	1
75.99867465300174	2
75.9986913668247	1
75.99870808064948	1
75.9987247944761	2
75.99874150830458	1
75.99875822213488	1
75.99877493596702	1
75.99879164980098	1
75.9988083636368	3
75.99882507747444	2
75.99884179131394	3
75.99885850515526	0
75.99887521899842	3
75.99889193284342	2
75.99890864669028	5
75.99892536053894	2
75.99894207438946	3
75.99895878824182	2
75.998975502096	3
75.99899221595204	3
75.9990089298099	0
75.99902564366962	1
75.99904235753116	4
75.99905907139454	1
75.99907578525976	1
75.99909249912682	2
75.99910921299572	0
75.99912592686644	2
75.999142640739	0
75.99915935461342	1
75.99917606848966	1
75.99919278236774	4
75.99920949624766	1
75.99922621012942	3
75.99924292401302	0
75.99925963789846	3
75.99927635178572	2
75.99929306567486	2
75.9993097795658	2
75.99932649345858	1
75.99934320735322	3
75.99935992124966	2
75.99937663514798	3
75.99939334904812	3
75.9994100629501	1
75.9994267768539	1
75.99944349075956	5
75.99946020466704	4
75.99947691857636	5
75.99949363248754	4
75.99951034640054	3
75.99952706031538	0
75.99954377423206	3
75.99956048815056	1
75.99957720207092	1
75.99959391599312	0
75.99961062991714	1
75.99962734384304	0
75.99964405777072	0
75.99966077170028	0
75.99967748563166	0
75.99969419956488	0
75.99971091349992	0
75.99972762743684	1
75.99974434137556	0
75.99976105531614	0
75.99977776925854	0
75.9997944832028	0
75.99981119714888	0
75.9998279110968	1
75.99984462504656	0
75.99986133899816	0
75.9998780529516	0
75.99989476690686	0
75.999911480864	1
75.99992819482294	0
75.99994490878372	0
75.99996162274634	0
75.99997833671082	0
75.99999505067712	0
76.00001176464526	0
76.00002847861522	0
76.00004519258706	0
76.0000619065607	0
76.0000786205362	1
76.00009533451352	0
76.00011204849268	2
76.00012876247368	0
76.00014547645654	0
76.0001621904412	0
76.00017890442774	0
76.0001956184161	0
76.00021233240628	0
76.00022904639832	0
76.00024576039218	0
76.0002624743879	0
76.00027918838544	0
76.00029590238482	0
76.00031261638604	0
76.00032933038912	0
76.000346044394	0
76.00036275840074	0
76.00037947240932	0
76.00039618641972	0
76.00041290043196	0
76.00042961444606	0
76.00044632846198	0
76.00046304247974	0
76.00047975649936	0
76.00049647052078	0
76.00051318454406	0
76.00052989856918	0
76.00054661259612	0
76.0005633266249	1
76.00058004065554	0
76.000596754688	0
76.00061346872232	0
76.00063018275844	0
76.00064689679644	0
76.00066361083624	1
76.0006803248779	0
76.0006970389214	0
76.00071375296672	0
76.00073046701388	0
76.0007471810629	0
76.00076389511374	0
76.00078060916642	0
76.00079732322096	1
76.0008140372773	0
76.0008307513355	0
76.00084746539552	0
76.0008641794574	0
76.0008808935211	0
76.00089760758666	0
76.00091432165404	0
76.00093103572328	0
76.00094774979432	0
76.00096446386722	0
76.00098117794196	0
76.00099789201854	0
76.00101460609694	0
76.0010313201772	0
76.00104803425928	0
76.00106474834322	0
76.00108146242898	0
76.00109817651656	0
76.00111489060602	0
76.00113160469728	0
76.00114831879042	0
76.00116503288536	0
76.00118174698216	0
76.00119846108078	0
76.00121517518124	0
76.00123188928356	0
76.0012486033877	0
76.00126531749366	0
76.0012820316015	0
76.00129874571114	0
76.00131545982264	0
