Multi MS Window Export

Acqusition Time: 20.12.2020 / 14:23:51
Number of Spectra: 896
Min Mass: 75.84294481179264 m/z
Max Mass: 76.03969244970524 m/z
Number of Accumulations: 30
Interscandelay: 100
Time Multiplicity: 2
Overflow Number: 0
Calibration-B: 0.575849041251
Time Step: 0.0016
comment:
14:38: MS 450 RT window adjusted from 9.97 to 9.975 because 76Rb went up

Clipped at MS105 when beam merging turned on.


Target:	MS "MS 1 - 896 t-res ni=1067.17"
m/z	->	N
75.93142966153152	1
75.9314463679581	0
75.93146307438652	0
75.93147978081678	0
75.93149648724888	0
75.93151319368282	0
75.9315299001186	1
75.93154660655622	1
75.93156331299566	0
75.93158001943696	2
75.93159672588008	1
75.93161343232504	1
75.93163013877184	0
75.93164684522048	1
75.93166355167098	1
75.93168025812328	0
75.93169696457744	1
75.93171367103342	0
75.93173037749126	0
75.93174708395092	1
75.93176379041244	0
75.93178049687578	0
75.93179720334096	2
75.931813909808	0
75.93183061627684	1
75.93184732274754	0
75.93186402922008	0
75.93188073569444	0
75.93189744217066	0
75.9319141486487	0
75.93193085512858	0
75.93194756161032	1
75.93196426809386	0
75.93198097457926	0
75.9319976810665	1
75.93201438755558	2
75.93203109404648	0
75.93204780053924	0
75.93206450703384	0
75.93208121353026	1
75.93209792002854	0
75.93211462652862	0
75.93213133303056	0
75.93214803953434	1
75.93216474603994	1
75.9321814525474	0
75.9321981590567	0
75.93221486556784	0
75.93223157208078	0
75.9322482785956	0
75.93226498511224	0
75.93228169163072	2
75.93229839815104	1
75.9323151046732	1
75.9323318111972	1
75.93234851772304	0
75.93236522425068	0
75.9323819307802	0
75.93239863731154	0
75.93241534384472	0
75.93243205037976	2
75.93244875691662	1
75.9324654634553	0
75.93248216999584	0
75.9324988765382	0
75.93251558308242	0
75.93253228962848	0
75.93254899617636	1
75.93256570272608	0
75.93258240927764	0
75.93259911583106	0
75.93261582238628	2
75.93263252894334	0
75.93264923550228	0
75.93266594206302	0
75.93268264862562	1
75.93269935519004	1
75.93271606175632	1
75.93273276832442	1
75.93274947489434	1
75.93276618146612	0
75.93278288803974	0
75.9327995946152	1
75.9328163011925	0
75.93283300777162	0
75.9328497143526	1
75.9328664209354	0
75.93288312752004	0
75.93289983410652	1
75.93291654069484	0
75.932933247285	2
75.932949953877	0
75.93296666047084	0
75.9329833670665	1
75.933000073664	1
75.93301678026334	0
75.93303348686454	0
75.93305019346756	0
75.93306690007242	1
75.93308360667912	0
75.93310031328766	0
75.93311701989804	1
75.93313372651026	1
75.93315043312428	2
75.93316713974018	1
75.93318384635792	1
75.93320055297748	0
75.93321725959886	3
75.9332339662221	2
75.9332506728472	3
75.9332673794741	0
75.93328408610284	1
75.93330079273344	2
75.93331749936588	1
75.93333420600014	2
75.93335091263624	2
75.9333676192742	1
75.93338432591396	2
75.93340103255558	0
75.93341773919904	1
75.93343444584434	2
75.93345115249146	2
75.93346785914044	3
75.93348456579126	1
75.9335012724439	2
75.93351797909838	1
75.93353468575468	4
75.93355139241284	5
75.93356809907284	1
75.93358480573468	7
75.93360151239836	3
75.93361821906386	2
75.93363492573122	4
75.9336516324004	2
75.93366833907142	4
75.93368504574428	4
75.93370175241898	3
75.93371845909552	8
75.9337351657739	6
75.93375187245412	6
75.93376857913616	2
75.93378528582004	2
75.93380199250576	2
75.93381869919334	9
75.93383540588274	8
75.933852112574	8
75.93386881926706	4
75.93388552596198	4
75.93390223265874	5
75.93391893935732	10
75.93393564605776	8
75.93395235276002	7
75.93396905946412	10
75.93398576617008	10
75.93400247287786	11
75.93401917958748	17
75.93403588629894	12
75.93405259301222	15
75.93406929972736	13
75.93408600644432	10
75.93410271316314	17
75.9341194198838	24
75.93413612660626	18
75.9341528333306	17
75.93416954005676	19
75.93418624678474	23
75.93420295351458	42
75.93421966024626	31
75.93423636697976	50
75.93425307371512	50
75.93426978045232	49
75.93428648719134	77
75.93430319393218	73
75.9343199006749	95
75.93433660741944	93
75.9343533141658	151
75.93437002091402	169
75.93438672766408	270
75.93440343441598	336
75.9344201411697	424
75.93443684792526	508
75.93445355468266	742
75.9344702614419	823
75.934486968203	939
75.9345036749659	1054
75.93452038173066	1048
75.93453708849726	998
75.9345537952657	994
75.93457050203594	913
75.93458720880806	760
75.934603915582	642
75.93462062235778	537
75.93463732913542	406
75.93465403591488	302
75.93467074269618	245
75.9346874494793	166
75.93470415626426	138
75.93472086305108	118
75.93473756983974	80
75.93475427663022	73
75.93477098342254	66
75.9347876902167	47
75.9348043970127	37
75.93482110381052	46
75.9348378106102	33
75.93485451741172	24
75.93487122421508	22
75.93488793102026	20
75.9349046378273	16
75.93492134463616	11
75.93493805144686	22
75.93495475825938	14
75.93497146507376	14
75.93498817188998	14
75.93500487870804	14
75.93502158552794	14
75.93503829234966	4
75.93505499917324	5
75.93507170599864	10
75.93508841282588	4
75.93510511965496	6
75.93512182648588	4
75.93513853331864	6
75.93515524015324	7
75.93517194698968	5
75.93518865382794	1
75.93520536066806	3
75.93522206750998	2
75.93523877435376	3
75.9352554811994	3
75.93527218804686	3
75.93528889489616	0
75.9353056017473	2
75.93532230860026	5
75.93533901545506	0
75.93535572231172	2
75.9353724291702	1
75.93538913603052	2
75.9354058428927	1
75.9354225497567	0
75.93543925662254	1
75.93545596349022	0
75.93547267035972	0
75.93548937723106	3
75.93550608410426	1
75.9355227909793	0
75.93553949785616	0
75.93555620473488	0
75.93557291161542	1
75.9355896184978	0
75.935606325382	3
75.93562303226806	1
75.93563973915596	0
75.93565644604568	1
75.93567315293724	3
75.93568985983066	0
75.9357065667259	0
75.93572327362298	1
75.9357399805219	0
75.93575668742266	1
75.93577339432526	2
75.93579010122968	0
75.93580680813596	2
75.93582351504408	1
75.93584022195402	1
75.9358569288658	1
75.93587363577942	0
75.93589034269488	0
75.93590704961218	1
75.93592375653132	0
75.9359404634523	0
75.93595717037512	1
75.93597387729976	0
75.93599058422626	1
75.93600729115458	0
75.93602399808474	1
75.93604070501674	0
75.9360574119506	1
75.93607411888626	1
75.93609082582378	0
75.93610753276314	0
75.93612423970432	0
75.93614094664734	1
75.9361576535922	0
75.93617436053892	2
75.93619106748746	0
75.93620777443786	0
75.93622448139008	0
75.93624118834414	0
75.9362578953	0
75.93627460225774	0
75.93629130921732	0
75.93630801617872	0
75.93632472314196	1
75.93634143010706	0
75.93635813707398	0
75.93637484404272	0
75.93639155101332	0
75.93640825798576	0
75.93642496496004	0
75.93644167193616	0
75.9364583789141	1
75.9364750858939	0
75.93649179287552	2
75.93650849985896	0
75.93652520684428	0
75.93654191383142	1
75.93655862082038	0
75.9365753278112	0
75.93659203480386	2
75.93660874179834	0
75.93662544879468	0
75.93664215579282	0
75.93665886279284	0
75.93667556979468	0
75.93669227679836	0
75.93670898380388	0
75.93672569081124	0
75.93674239782042	1
75.93675910483146	0
75.93677581184432	0
75.93679251885902	0
75.93680922587556	0
75.93682593289396	1
75.93684263991418	0
75.93685934693624	0
75.93687605396012	0
75.93689276098584	1
75.93690946801344	0
75.93692617504284	0
75.93694288207408	1
75.93695958910716	0
75.9369762961421	1
75.93699300317886	0
75.93700971021746	0
75.93702641725788	0
75.93704312430016	0
75.93705983134428	0
75.93707653839022	0
75.93709324543802	1
75.93710995248764	0
75.9371266595391	0
75.93714336659242	0
75.93716007364754	0
75.93717678070452	0
75.93719348776332	0
75.937210194824	0
75.93722690188648	0
75.93724360895082	0
75.93726031601698	0
75.937277023085	0
75.93729373015482	1
75.9373104372265	0
75.93732714430002	1
75.93734385137538	0
75.93736055845258	0
75.9373772655316	0
75.93739397261248	0
75.93741067969516	0
75.93742738677972	0
75.93744409386612	1
75.93746080095434	0
75.93747750804438	0
75.93749421513628	1
75.93751092223002	0
75.9375276293256	0
75.937544336423	0
75.93756104352224	1
75.93757775062334	0
75.93759445772626	1
75.93761116483104	0
75.93762787193762	1
75.93764457904608	0
75.93766128615634	0
75.93767799326844	0
75.9376947003824	0
75.93771140749818	0
75.93772811461582	0
75.93774482173528	0
75.93776152885658	0
75.93777823597972	0
75.93779494310472	0
75.93781165023152	0
75.93782835736016	0
75.93784506449066	0
75.937861771623	0
75.93787847875716	0
75.93789518589318	0
75.93791189303102	0
75.93792860017068	0
75.93794530731222	0
75.93796201445556	0
75.93797872160076	0
75.9379954287478	0
75.93801213589668	0
75.93802884304738	0
75.93804555019994	0
75.9380622573543	1
75.93807896451052	0
75.9380956716686	0
75.9381123788285	0
75.93812908599024	0
75.9381457931538	0
75.93816250031922	0
75.93817920748648	0
75.93819591465554	0
75.93821262182648	0
75.93822932899924	0
75.93824603617384	0
75.93826274335028	0
75.93827945052856	0
75.93829615770868	0
75.93831286489064	1
75.93832957207442	0
75.93834627926004	0
75.9383629864475	0
75.9383796936368	1
75.93839640082796	0
75.93841310802094	0
75.93842981521576	0
75.9384465224124	0
75.9384632296109	0
75.93847993681122	0
75.9384966440134	0
75.93851335121742	0
75.93853005842326	0
75.93854676563094	0
75.93856347284046	1
75.9385801800518	1
75.93859688726502	0
75.93861359448006	0
75.93863030169692	0
75.93864700891562	0
75.93866371613618	0
75.93868042335856	1
75.9386971305828	1
75.93871383780884	0
75.93873054503674	0
75.93874725226648	0
75.93876395949806	0
75.93878066673148	0
75.93879737396672	0
75.93881408120382	1
75.93883078844274	0
75.9388474956835	0
75.9388642029261	0
75.93888091017054	0
75.93889761741684	0
75.93891432466494	0
75.9389310319149	0
75.9389477391667	1
75.9389644464203	0
75.93898115367578	0
75.9389978609331	0
75.93901456819222	0
75.93903127545322	0
75.93904798271604	0
75.9390646899807	0
75.9390813972472	0
75.93909810451552	0
75.9391148117857	0
75.9391315190577	0
75.93914822633154	0
75.93916493360724	0
75.93918164088476	0
75.93919834816412	0
75.9392150554453	0
75.93923176272834	0
75.93924847001322	0
75.93926517729992	1
75.93928188458848	0
75.93929859187888	0
75.93931529917108	1
75.93933200646516	0
75.93934871376106	0
75.93936542105878	0
75.93938212835836	0
75.93939883565978	0
75.93941554296304	0
75.93943225026814	0
75.93944895757506	0
75.93946566488384	1
75.93948237219442	0
75.93949907950686	0
75.93951578682114	0
75.93953249413726	1
75.93954920145522	0
75.93956590877502	0
75.93958261609664	0
75.93959932342012	0
75.9396160307454	0
75.93963273807256	0
75.93964944540154	1
75.93966615273236	0
75.93968286006502	1
75.93969956739952	1
75.93971627473586	0
75.93973298207402	0
75.93974968941402	0
75.93976639675588	0
75.93978310409956	0
75.93979981144508	1
75.93981651879244	0
75.93983322614164	1
75.93984993349268	1
75.93986664084558	0
75.93988334820028	0
75.93990005555682	1
75.9399167629152	0
75.93993347027544	0
75.9399501776375	0
75.93996688500142	0
75.93998359236714	1
75.94000029973472	0
75.94001700710414	1
75.9400337144754	0
75.94005042184848	1
75.94006712922342	0
75.94008383660018	0
75.9401005439788	1
75.94011725135924	0
75.9401339587415	2
75.94015066612562	0
75.94016737351158	0
75.94018408089938	1
75.940200788289	0
75.9402174956805	0
75.9402342030738	1
75.94025091046894	2
75.94026761786592	0
75.94028432526474	1
75.9403010326654	1
75.9403177400679	0
75.94033444747222	0
75.9403511548784	1
75.94036786228642	2
75.94038456969626	1
75.94040127710794	1
75.94041798452148	0
75.94043469193684	2
75.94045139935404	1
75.94046810677308	1
75.94048481419396	1
75.94050152161668	0
75.94051822904122	1
75.9405349364676	2
75.94055164389584	1
75.9405683513259	1
75.9405850587578	1
75.94060176619156	1
75.94061847362714	2
75.94063518106456	1
75.94065188850378	3
75.9406685959449	2
75.94068530338782	1
75.94070201083258	0
75.9407187182792	0
75.94073542572764	2
75.94075213317792	2
75.94076884063004	2
75.940785548084	3
75.9408022555398	3
75.94081896299744	2
75.9408356704569	3
75.9408523779182	2
75.94086908538136	2
75.94088579284634	2
75.94090250031318	5
75.94091920778182	2
75.94093591525232	2
75.94095262272466	4
75.94096933019884	8
75.94098603767486	10
75.9410027451527	11
75.9410194526324	18
75.94103616011392	11
75.94105286759726	27
75.94106957508248	28
75.94108628256952	57
75.9411029900584	62
75.94111969754912	89
75.94113640504166	110
75.94115311253606	136
75.94116982003228	123
75.94118652753034	185
75.94120323503024	202
75.941219942532	155
75.94123665003558	153
75.941253357541	131
75.94127006504826	92
75.94128677255736	74
75.94130348006828	73
75.94132018758104	63
75.94133689509566	40
75.9413536026121	22
75.94137031013038	23
75.9413870176505	32
75.94140372517246	16
75.94142043269626	10
75.94143714022188	8
75.94145384774936	7
75.94147055527868	5
75.94148726280984	6
75.94150397034282	5
75.94152067787764	4
75.94153738541432	4
75.9415540929528	4
75.94157080049312	3
75.94158750803532	3
75.94160421557932	8
75.94162092312518	4
75.94163763067288	2
75.9416543382224	0
75.94167104577376	1
75.94168775332696	2
75.941704460882	2
75.94172116843888	1
75.9417378759976	0
75.94175458355816	2
75.94177129112056	1
75.94178799868478	1
75.94180470625086	0
75.94182141381874	2
75.9418381213885	0
75.94185482896008	1
75.9418715365335	1
75.94188824410876	0
75.94190495168584	0
75.94192165926478	0
75.94193836684556	1
75.94195507442816	2
75.9419717820126	0
75.94198848959888	0
75.94200519718702	2
75.94202190477698	0
75.94203861236878	0
75.94205531996242	1
75.94207202755788	1
75.94208873515518	0
75.94210544275434	0
75.94212215035534	1
75.94213885795816	0
75.94215556556284	0
75.94217227316932	0
75.94218898077768	0
75.94220568838784	0
75.94222239599986	1
75.9422391036137	0
75.9422558112294	0
75.94227251884692	0
75.9422892264663	0
75.9423059340875	0
75.94232264171056	0
75.94233934933542	0
75.94235605696214	0
75.9423727645907	0
75.94238947222108	0
75.94240617985332	0
75.94242288748738	0
75.9424395951233	0
75.94245630276104	0
75.94247301040062	0
75.94248971804204	0
75.9425064256853	1
75.9425231333304	0
75.94253984097734	0
75.9425565486261	0
75.94257325627672	0
75.94258996392918	0
75.94260667158346	1
75.94262337923956	0
75.94264008689754	0
75.94265679455734	0
75.94267350221898	0
75.94269020988246	0
75.94270691754778	1
75.94272362521492	0
75.9427403328839	0
75.94275704055472	1
75.9427737482274	0
75.9427904559019	0
75.94280716357824	0
75.94282387125642	0
75.94284057893644	1
75.94285728661828	0
75.94287399430198	0
75.94289070198752	0
75.94290740967488	1
75.9429241173641	0
75.94294082505512	0
75.94295753274802	0
75.94297424044272	0
75.94299094813928	0
75.94300765583768	0
75.9430243635379	0
75.94304107123998	0
75.94305777894388	0
75.94307448664964	1
75.94309119435722	0
75.94310790206664	0
75.9431246097779	0
75.943141317491	1
75.94315802520594	0
75.94317473292272	1
75.94319144064132	0
75.94320814836178	0
75.94322485608406	0
75.94324156380818	0
75.94325827153414	0
75.94327497926194	0
75.9432916869916	0
75.94330839472306	0
75.94332510245638	0
75.94334181019154	0
75.94335851792854	0
75.94337522566734	0
75.94339193340802	0
75.94340864115052	0
75.94342534889486	0
75.94344205664104	0
75.94345876438906	0
75.94347547213892	0
75.94349217989062	0
75.94350888764414	0
75.9435255953995	0
75.9435423031567	0
75.94355901091576	1
75.94357571867664	0
75.94359242643938	0
75.94360913420392	1
75.94362584197032	0
75.94364254973854	0
75.94365925750862	0
75.94367596528052	1
75.94369267305428	0
75.94370938082986	0
75.9437260886073	0
75.94374279638656	0
75.94375950416764	0
75.94377621195058	0
75.94379291973536	0
75.94380962752198	0
75.94382633531042	1
75.94384304310072	1
75.94385975089284	1
75.9438764586868	0
75.9438931664826	1
75.94390987428024	1
75.94392658207972	0
75.94394328988104	0
75.9439599976842	0
75.9439767054892	1
75.94399341329602	0
75.94401012110468	0
75.94402682891518	0
75.94404353672752	0
75.9440602445417	0
75.94407695235774	0
75.94409366017558	0
75.94411036799528	0
75.94412707581682	1
75.9441437836402	0
75.94416049146538	0
75.94417719929244	1
75.94419390712132	0
75.94421061495204	1
75.9442273227846	0
75.944244030619	0
75.94426073845524	0
75.9442774462933	0
75.94429415413322	0
75.94431086197498	0
75.94432756981856	2
75.94434427766398	0
75.94436098551124	1
75.94437769336036	1
75.94439440121128	0
75.94441110906406	0
75.94442781691866	1
75.94444452477512	0
75.94446123263342	2
75.94447794049354	0
75.94449464835552	0
75.94451135621932	0
75.94452806408496	0
75.94454477195242	1
75.94456147982174	1
75.9445781876929	1
75.9445948955659	0
75.94461160344074	1
75.9446283113174	1
75.9446450191959	2
75.94466172707626	0
75.94467843495842	1
75.94469514284246	0
75.94471185072832	2
75.94472855861602	0
75.94474526650554	0
75.94476197439692	0
75.94477868229012	0
75.94479539018516	1
75.94481209808204	1
75.94482880598076	1
75.94484551388134	0
75.94486222178374	0
75.94487892968798	1
75.94489563759404	2
75.94491234550196	0
75.9449290534117	0
75.9449457613233	0
75.94496246923672	0
75.94497917715198	3
75.9449958850691	1
75.94501259298804	1
75.94502930090882	0
75.94504600883144	0
75.94506271675588	1
75.94507942468216	1
75.9450961326103	0
75.94511284054026	2
75.94512954847208	2
75.94514625640572	1
75.9451629643412	0
75.94517967227852	1
75.94519638021766	1
75.94521308815866	0
75.9452297961015	3
75.94524650404616	2
75.94526321199268	2
75.94527991994102	2
75.9452966278912	0
75.94531333584322	1
75.94533004379708	1
75.94534675175278	2
75.94536345971032	1
75.94538016766968	1
75.9453968756309	1
75.94541358359396	1
75.94543029155884	1
75.94544699952554	4
75.94546370749412	2
75.94548041546452	2
75.94549712343676	1
75.94551383141084	3
75.94553053938676	4
75.9455472473645	3
75.94556395534408	1
75.9455806633255	4
75.94559737130878	3
75.94561407929388	2
75.94563078728082	6
75.9456474952696	4
75.94566420326022	6
75.94568091125268	5
75.94569761924698	3
75.94571432724308	3
75.94573103524106	6
75.94574774324088	3
75.94576445124252	7
75.945781159246	4
75.94579786725132	9
75.94581457525848	5
75.94583128326748	11
75.9458479912783	4
75.94586469929096	11
75.94588140730548	16
75.94589811532182	9
75.94591482334002	23
75.94593153136006	12
75.94594823938192	19
75.9459649474056	16
75.94598165543114	16
75.9459983634585	22
75.94601507148772	29
75.94603177951876	19
75.94604848755166	23
75.9460651955864	38
75.94608190362296	36
75.94609861166134	38
75.94611531970158	62
75.94613202774366	75
75.94614873578758	91
75.94616544383334	133
75.94618215188092	164
75.94619885993036	255
75.94621556798162	328
75.94623227603472	423
75.94624898408966	522
75.94626569214644	665
75.94628240020506	720
75.94629910826552	849
75.94631581632782	873
75.94633252439196	907
75.94634923245792	789
75.94636594052572	661
75.94638264859536	601
75.94639935666684	440
75.94641606474018	353
75.94643277281534	286
75.94644948089234	229
75.94646618897118	156
75.94648289705182	125
75.94649960513434	122
75.9465163132187	86
75.94653302130488	70
75.9465497293929	66
75.94656643748278	55
75.94658314557446	38
75.946599853668	36
75.94661656176336	27
75.94663326986058	36
75.94664997795964	29
75.94666668606052	26
75.94668339416326	16
75.94670010226784	16
75.94671681037424	15
75.94673351848248	21
75.94675022659254	16
75.94676693470446	12
75.94678364281822	22
75.94680035093382	6
75.94681705905124	10
75.9468337671705	6
75.94685047529162	11
75.94686718341454	11
75.94688389153934	2
75.94690059966596	3
75.94691730779442	8
75.94693401592472	1
75.94695072405686	5
75.94696743219082	3
75.94698414032662	2
75.94700084846426	6
75.94701755660374	7
75.94703426474508	1
75.94705097288824	3
75.94706768103324	3
75.94708438918008	1
75.94710109732874	6
75.94711780547928	2
75.9471345136316	3
75.9471512217858	4
75.94716792994182	4
75.9471846380997	2
75.94720134625938	4
75.94721805442092	1
75.9472347625843	1
75.94725147074952	0
75.94726817891656	0
75.94728488708544	0
75.94730159525618	2
75.94731830342874	2
75.94733501160316	0
75.9473517197794	1
75.9473684279575	1
75.94738513613738	1
75.94740184431916	2
75.94741855250274	2
75.94743526068818	1
75.94745196887544	1
75.94746867706456	1
75.9474853852555	1
75.94750209344828	1
75.9475188016429	0
75.94753550983936	0
75.94755221803764	0
75.94756892623778	0
75.94758563443976	0
75.94760234264358	0
75.94761905084924	0
75.94763575905672	1
75.94765246726602	1
75.9476691754772	0
75.94768588369018	2
75.94770259190504	0
75.9477193001217	0
75.94773600834022	0
75.94775271656058	0
75.94776942478276	0
75.94778613300678	0
75.94780284123264	1
75.94781954946036	1
75.9478362576899	1
75.94785296592128	0
75.9478696741545	0
75.94788638238954	0
75.94790309062642	0
75.94791979886514	0
75.94793650710572	0
75.94795321534812	0
75.94796992359238	0
75.94798663183846	3
75.94800334008638	0
75.94802004833614	1
75.94803675658772	0
75.94805346484116	0
75.94807017309644	0
75.94808688135354	0
75.9481035896125	0
75.94812029787328	0
75.9481370061359	0
75.94815371440036	0
75.94817042266664	0
75.94818713093478	1
75.94820383920476	0
75.94822054747658	0
75.94823725575022	0
75.94825396402572	0
75.94827067230302	0
75.9482873805822	0
75.94830408886318	0
75.94832079714602	0
75.9483375054307	1
75.94835421371722	0
75.94837092200558	0
75.94838763029578	0
75.9484043385878	0
75.94842104688166	0
75.94843775517736	1
75.9484544634749	0
75.94847117177428	0
75.9484878800755	0
75.94850458837856	1
75.94852129668346	0
75.94853800499018	0
75.94855471329874	0
75.94857142160916	0
75.9485881299214	0
75.94860483823548	0
75.9486215465514	0
75.94863825486918	0
75.94865496318876	0
75.9486716715102	0
75.94868837983346	0
75.94870508815856	1
75.94872179648552	0
75.9487385048143	0
75.94875521314492	0
75.9487719214774	0
75.9487886298117	0
75.94880533814784	0
75.9488220464858	0
75.9488387548256	0
75.94885546316726	1
75.94887217151074	0
75.94888887985608	0
75.94890558820326	0
75.94892229655224	0
75.94893900490308	0
75.94895571325576	0
75.94897242161026	0
75.94898912996662	1
75.94900583832482	0
75.94902254668484	0
75.94903925504672	0
75.94905596341044	0
75.94907267177596	1
75.94908938014334	1
75.94910608851256	0
75.94912279688362	1
75.94913950525652	0
75.94915621363124	0
75.94917292200782	0
75.94918963038624	0
75.94920633876646	0
75.94922304714856	0
75.94923975553248	1
75.94925646391824	0
75.94927317230584	0
75.94928988069528	0
75.94930658908656	0
75.94932329747966	0
75.9493400058746	0
75.9493567142714	1
75.94937342267002	0
75.94939013107048	0
75.94940683947278	0
75.94942354787692	0
75.9494402562829	0
75.9494569646907	0
75.94947367310034	0
75.94949038151184	0
75.94950708992516	0
75.94952379834034	0
75.94954050675734	0
75.94955721517618	0
75.94957392359688	1
75.94959063201938	0
75.94960734044372	0
75.94962404886992	0
75.94964075729796	0
75.94965746572782	0
75.94967417415954	0
75.94969088259308	0
75.94970759102846	0
75.94972429946568	0
75.94974100790474	0
75.94975771634564	0
75.94977442478836	1
75.94979113323294	0
75.94980784167934	0
75.9498245501276	0
75.94984125857768	0
75.9498579670296	0
75.94987467548336	0
75.94989138393896	1
75.9499080923964	0
75.94992480085568	0
75.9499415093168	0
75.94995821777974	0
75.94997492624452	0
75.94999163471114	0
75.9500083431796	0
75.9500250516499	0
75.95004176012206	0
75.95005846859604	0
75.95007517707186	1
75.9500918855495	0
75.95010859402898	0
75.95012530251032	0
75.95014201099348	0
75.95015871947848	0
75.95017542796534	0
75.95019213645402	0
75.95020884494454	0
75.9502255534369	0
75.95024226193108	1
75.9502589704271	0
75.95027567892498	1
75.95029238742468	0
75.95030909592624	0
75.95032580442962	0
75.95034251293484	0
75.9503592214419	0
75.95037592995078	0
75.95039263846152	0
75.9504093469741	0
75.95042605548852	0
75.95044276400476	0
75.95045947252286	0
75.95047618104278	0
75.95049288956454	0
75.95050959808814	0
75.95052630661358	0
75.95054301514084	0
75.95055972366996	0
75.95057643220092	0
75.9505931407337	0
75.95060984926834	0
75.95062655780478	0
75.9506432663431	0
75.95065997488324	0
75.95067668342522	0
75.95069339196904	1
75.95071010051468	0
75.9507268090622	0
75.95074351761152	1
75.95076022616268	0
75.95077693471568	1
75.95079364327054	0
75.9508103518272	0
75.95082706038574	0
75.9508437689461	0
75.9508604775083	0
75.95087718607232	0
75.95089389463818	0
75.95091060320588	0
75.95092731177544	0
75.95094402034682	0
75.95096072892006	0
75.95097743749512	0
75.95099414607202	0
75.95101085465074	0
75.95102756323132	0
75.95104427181374	0
75.95106098039798	0
75.95107768898408	0
75.951094397572	0
75.95111110616176	1
75.95112781475336	0
75.95114452334678	0
75.95116123194208	0
75.95117794053918	0
75.95119464913816	0
75.95121135773894	0
75.95122806634156	0
75.95124477494604	0
75.95126148355234	0
75.95127819216046	0
75.95129490077046	0
75.95131160938228	0
75.95132831799594	0
75.95134502661142	0
75.95136173522876	0
75.95137844384794	0
75.95139515246894	1
75.95141186109178	0
75.95142856971646	1
75.95144527834298	0
75.95146198697134	0
75.95147869560154	0
75.95149540423358	0
75.95151211286746	1
75.95152882150316	0
75.9515455301407	0
75.95156223878008	0
75.95157894742132	0
75.95159565606438	0
75.95161236470926	0
75.951629073356	0
75.9516457820046	0
75.95166249065498	0
75.95167919930724	0
75.95169590796132	0
75.95171261661726	0
75.95172932527502	1
75.95174603393464	1
75.95176274259608	0
75.95177945125936	0
75.95179615992446	0
75.95181286859142	0
75.9518295772602	0
75.95184628593084	0
75.9518629946033	0
75.95187970327762	0
75.95189641195376	0
75.95191312063174	0
75.95192982931156	1
75.95194653799322	0
75.9519632466767	0
75.95197995536204	0
75.95199666404922	0
75.95201337273822	0
75.95203008142908	0
75.95204679012174	0
75.95206349881628	0
75.95208020751262	0
75.95209691621084	0
75.95211362491088	0
75.95213033361274	0
75.95214704231646	0
75.95216375102202	0
75.95218045972938	0
75.9521971684386	0
75.95221387714968	0
75.95223058586258	0
75.95224729457732	0
75.9522640032939	0
75.95228071201232	0
75.95229742073256	0
75.95231412945464	0
75.95233083817858	0
75.95234754690434	0
75.95236425563196	0
75.9523809643614	0
75.95239767309268	0
75.9524143818258	0
75.95243109056076	0
75.95244779929754	0
75.95246450803616	0
75.95248121677664	0
75.95249792551894	0
75.95251463426308	0
75.95253134300908	0
75.9525480517569	0
75.95256476050654	0
75.95258146925804	0
75.95259817801138	0
75.95261488676656	1
75.95263159552356	0
75.95264830428242	1
75.9526650130431	0
75.95268172180562	0
75.95269843056998	0
75.95271513933618	0
75.95273184810422	0
75.95274855687408	0
75.95276526564582	0
75.95278197441936	0
75.95279868319474	0
75.95281539197198	0
75.95283210075102	0
75.95284880953194	1
75.95286551831468	0
75.95288222709926	0
75.95289893588568	0
75.95291564467392	0
75.95293235346402	0
75.95294906225596	0
75.9529657710497	0
75.9529824798453	0
75.95299918864276	0
75.95301589744204	0
75.95303260624316	0
75.95304931504612	0
75.95306602385092	0
75.95308273265754	0
75.95309944146602	0
75.95311615027632	0
75.95313285908848	0
75.95314956790244	0
75.95316627671828	0
75.95318298553594	0
75.95319969435544	0
75.95321640317676	0
75.95323311199994	0
75.95324982082496	0
75.9532665296518	0
75.95328323848048	0
75.95329994731102	0
75.95331665614338	0
75.95333336497758	0
75.95335007381362	0
75.9533667826515	0
75.9533834914912	0
75.95340020033276	0
75.95341690917614	0
75.95343361802138	0
75.95345032686844	0
75.95346703571736	0
75.95348374456808	0
75.95350045342066	0
75.95351716227508	0
75.95353387113134	0
75.95355057998944	0
75.95356728884936	0
75.95358399771114	0
75.95360070657472	0
75.95361741544016	0
75.95363412430746	0
75.95365083317658	1
75.95366754204754	0
75.95368425092034	0
75.95370095979498	0
75.95371766867144	1
75.95373437754974	0
75.9537510864299	0
75.95376779531188	0
75.9537845041957	0
75.95380121308136	0
75.95381792196886	0
75.9538346308582	0
75.95385133974938	0
75.95386804864238	0
75.95388475753722	0
75.95390146643392	0
75.95391817533246	0
75.95393488423282	0
75.95395159313502	0
75.95396830203906	0
75.95398501094494	0
75.95400171985264	0
75.9540184287622	0
75.9540351376736	0
75.95405184658682	0
75.9540685555019	0
75.9540852644188	0
75.95410197333754	0
75.95411868225812	0
75.95413539118054	0
75.9541521001048	0
75.9541688090309	0
75.95418551795882	0
75.95420222688858	0
75.9542189358202	0
75.95423564475366	0
75.95425235368892	0
75.95426906262604	0
75.954285771565	0
75.9543024805058	0
75.95431918944844	0
75.95433589839292	0
75.95435260733924	0
75.95436931628738	0
75.95438602523736	0
75.95440273418918	0
75.95441944314284	0
75.95443615209834	0
75.9544528610557	0
75.95446957001488	0
75.95448627897588	0
75.95450298793872	0
75.9545196969034	0
75.95453640586994	0
75.9545531148383	0
75.95456982380852	0
75.95458653278056	0
75.95460324175444	0
75.95461995073016	0
75.9546366597077	0
75.9546533686871	0
75.95467007766832	0
75.9546867866514	0
75.9547034956363	0
75.95472020462304	0
75.95473691361164	0
75.95475362260204	0
75.9547703315943	0
75.9547870405884	0
75.95480374958434	0
75.9548204585821	0
75.9548371675817	0
75.95485387658316	0
75.95487058558646	0
75.95488729459158	0
75.95490400359852	0
75.95492071260732	0
75.95493742161796	0
75.95495413063044	0
75.95497083964474	0
75.9549875486609	0
75.95500425767888	0
75.95502096669872	0
75.95503767572036	0
75.95505438474386	0
75.95507109376922	0
75.95508780279638	0
75.95510451182542	0
75.95512122085626	1
75.95513792988896	0
75.95515463892348	0
75.95517134795984	0
75.95518805699804	0
75.9552047660381	0
75.95522147507998	0
75.9552381841237	1
75.95525489316924	0
75.95527160221664	0
75.95528831126586	0
75.95530502031694	0
75.95532172936984	0
75.9553384384246	0
75.95535514748118	0
75.9553718565396	0
75.95538856559986	0
75.95540527466196	0
75.95542198372588	1
75.95543869279166	0
75.95545540185928	1
75.95547211092872	0
75.95548882	0
75.95550552907314	0
75.9555222381481	0
75.9555389472249	0
75.95555565630352	1
75.955572365384	0
75.95558907446632	0
75.95560578355048	0
75.95562249263646	0
75.95563920172428	0
75.95565591081396	0
75.95567261990544	0
75.9556893289988	0
75.95570603809396	0
75.955722747191	0
75.95573945628984	0
75.95575616539054	0
75.95577287449306	0
75.95578958359744	0
75.95580629270364	0
75.95582300181168	0
75.95583971092156	0
75.95585642003328	0
75.95587312914684	0
75.95588983826224	1
75.95590654737948	0
75.95592325649854	0
75.95593996561944	0
75.95595667474218	0
75.95597338386678	0
75.9559900929932	0
75.95600680212146	0
75.95602351125156	0
75.9560402203835	0
75.95605692951728	0
75.95607363865288	0
75.95609034779032	0
75.95610705692962	0
75.95612376607074	0
75.9561404752137	0
75.9561571843585	0
75.95617389350516	0
75.95619060265362	0
75.95620731180392	0
75.9562240209561	0
75.95624073011008	0
75.95625743926592	0
75.95627414842358	0
75.95629085758308	0
75.95630756674444	0
75.9563242759076	0
75.95634098507262	0
75.95635769423948	0
75.95637440340816	0
75.9563911125787	0
75.95640782175108	0
75.95642453092528	0
75.95644124010134	0
75.9564579492792	0
75.95647465845892	0
75.95649136764048	0
75.95650807682388	0
75.95652478600912	0
75.95654149519618	0
75.9565582043851	0
75.95657491357586	0
75.95659162276842	0
75.95660833196284	0
75.9566250411591	0
75.95664175035722	0
75.95665845955716	0
75.95667516875892	0
75.95669187796254	0
75.95670858716798	0
75.95672529637528	0
75.9567420055844	0
75.95675871479536	0
75.95677542400818	0
75.95679213322282	0
75.9568088424393	0
75.9568255516576	0
75.95684226087776	0
75.95685897009974	0
75.95687567932358	0
75.95689238854924	0
75.95690909777674	0
75.9569258070061	0
75.95694251623728	0
75.9569592254703	0
75.95697593470514	0
75.95699264394186	0
75.95700935318038	0
75.95702606242076	0
75.95704277166296	0
75.95705948090702	0
75.9570761901529	0
75.95709289940062	0
75.95710960865016	0
75.95712631790156	0
75.9571430271548	0
75.95715973640988	0
75.9571764456668	0
75.95719315492554	1
75.95720986418614	0
75.95722657344854	0
75.95724328271282	0
75.9572599919789	0
75.95727670124684	0
75.95729341051664	0
75.95731011978826	0
75.9573268290617	0
75.957343538337	0
75.9573602476141	0
75.95737695689308	0
75.95739366617388	0
75.95741037545652	0
75.957427084741	0
75.95744379402732	0
75.95746050331548	0
75.95747721260548	0
75.9574939218973	0
75.95751063119096	0
75.95752734048646	0
75.95754404978382	0
75.957560759083	0
75.95757746838402	0
75.9575941776869	0
75.95761088699158	0
75.9576275962981	0
75.95764430560648	0
75.95766101491668	0
75.95767772422874	0
75.95769443354264	0
75.95771114285834	0
75.95772785217592	0
75.9577445614953	0
75.95776127081654	0
75.95777798013962	0
75.95779468946452	0
75.95781139879128	0
75.95782810811988	0
75.9578448174503	0
75.95786152678258	0
75.95787823611666	0
75.9578949454526	0
75.95791165479038	0
75.95792836413	1
75.95794507347146	0
75.95796178281474	0
75.95797849215988	0
75.95799520150686	0
75.95801191085564	0
75.95802862020628	0
75.95804532955876	0
75.95806203891308	0
75.95807874826924	0
75.95809545762724	0
75.95811216698706	0
75.95812887634874	0
75.95814558571224	0
75.9581622950776	1
75.95817900444478	0
75.9581957138138	0
75.95821242318466	0
75.95822913255736	0
75.95824584193188	0
75.95826255130826	0
75.95827926068648	0
75.95829597006652	0
75.9583126794484	0
75.95832938883214	0
75.9583460982177	0
75.9583628076051	0
75.95837951699434	0
75.9583962263854	0
75.95841293577832	0
75.95842964517308	0
75.95844635456966	0
75.95846306396808	0
75.95847977336836	0
75.95849648277046	0
75.95851319217442	0
75.95852990158016	0
75.9585466109878	0
75.95856332039726	0
75.95858002980854	0
75.95859673922168	0
75.95861344863664	0
75.95863015805346	0
75.9586468674721	0
75.95866357689256	0
75.9586802863149	0
75.95869699573906	0
75.95871370516506	0
75.95873041459288	0
75.95874712402256	1
75.95876383345408	0
75.9587805428874	0
75.95879725232258	0
75.95881396175962	0
75.95883067119848	0
75.95884738063918	0
75.95886409008172	0
75.9588807995261	0
75.9588975089723	0
75.95891421842036	0
75.95893092787024	0
75.95894763732196	0
75.95896434677554	0
75.95898105623094	1
75.95899776568818	0
75.95901447514724	0
75.95903118460816	0
75.95904789407092	0
75.9590646035355	0
75.95908131300194	0
75.9590980224702	0
75.9591147319403	0
75.95913144141226	0
75.95914815088604	0
75.95916486036166	0
75.9591815698391	0
75.9591982793184	0
75.95921498879954	0
75.9592316982825	0
75.9592484077673	0
75.95926511725396	0
75.95928182674244	0
75.95929853623276	0
75.95931524572492	0
75.9593319552189	0
75.95934866471474	0
75.95936537421242	0
75.95938208371194	0
75.95939879321328	0
75.95941550271648	0
75.95943221222148	0
75.95944892172834	0
75.95946563123706	0
75.95948234074758	0
75.95949905025996	0
75.95951575977418	0
75.95953246929024	0
75.95954917880812	0
75.95956588832784	0
75.9595825978494	0
75.95959930737282	0
75.95961601689806	0
75.95963272642514	0
75.95964943595406	0
75.9596661454848	0
75.95968285501742	0
75.95969956455182	0
75.95971627408808	0
75.9597329836262	0
75.95974969316616	0
75.95976640270794	0
75.95978311225154	0
75.95979982179702	0
75.9598165313443	0
75.95983324089342	0
75.9598499504444	0
75.9598666599972	0
75.95988336955186	0
75.95990007910834	0
75.95991678866666	0
75.95993349822684	0
75.95995020778882	0
75.95996691735266	0
75.95998362691834	0
75.96000033648586	0
75.9600170460552	0
75.96003375562638	0
75.96005046519942	0
75.96006717477428	0
75.96008388435096	0
75.96010059392952	0
75.9601173035099	0
75.9601340130921	0
75.96015072267616	0
75.96016743226206	0
75.96018414184978	0
75.96020085143934	0
75.96021756103074	0
75.960234270624	1
75.96025098021906	0
75.96026768981598	0
75.96028439941476	0
75.96030110901534	0
75.96031781861778	0
75.96033452822202	0
75.96035123782814	0
75.96036794743608	0
75.96038465704586	0
75.9604013666575	0
75.96041807627096	0
75.96043478588626	0
75.96045149550338	0
75.96046820512234	1
75.96048491474316	1
75.9605016243658	0
75.9605183339903	0
75.96053504361662	0
75.9605517532448	1
75.9605684628748	1
75.96058517250664	0
75.96060188214028	0
75.9606185917758	0
75.96063530141316	0
75.96065201105236	0
75.96066872069338	0
75.96068543033624	0
75.96070213998094	0
75.96071884962748	0
75.96073555927586	0
75.96075226892608	0
75.96076897857814	0
75.96078568823202	0
75.96080239788776	0
75.96081910754532	0
75.96083581720472	0
75.96085252686596	0
75.96086923652904	0
75.96088594619398	0
75.96090265586072	0
75.96091936552932	0
75.96093607519976	0
75.96095278487202	0
75.96096949454614	0
75.96098620422208	0
75.96100291389986	0
75.96101962357948	0
75.96103633326094	0
75.96105304294424	0
75.96106975262938	0
75.96108646231636	0
75.96110317200518	0
75.96111988169582	0
75.9611365913883	0
75.96115330108262	0
75.9611700107788	0
75.9611867204768	0
75.96120343017662	0
75.96122013987832	0
75.96123684958182	0
75.96125355928716	0
75.96127026899436	0
75.96128697870338	1
75.96130368841426	1
75.96132039812696	0
75.9613371078415	0
75.96135381755788	0
75.9613705272761	0
75.96138723699616	1
75.96140394671804	0
75.96142065644178	1
75.96143736616736	0
75.96145407589476	0
75.961470785624	0
75.9614874953551	0
75.961504205088	0
75.96152091482276	0
75.96153762455936	0
75.9615543342978	0
75.96157104403808	0
75.96158775378018	0
75.96160446352414	0
75.9616211732699	0
75.96163788301752	0
75.96165459276698	0
75.96167130251828	0
75.96168801227142	0
75.9617047220264	0
75.96172143178322	0
75.96173814154188	0
75.96175485130236	0
75.96177156106468	0
75.96178827082884	0
75.96180498059484	0
75.96182169036268	0
75.96183840013236	0
75.96185510990388	0
75.96187181967724	0
75.96188852945242	0
75.96190523922946	0
75.96192194900832	0
75.96193865878902	0
75.96195536857158	0
75.96197207835596	0
75.96198878814216	0
75.96200549793024	0
75.96202220772012	0
75.96203891751186	0
75.96205562730542	0
75.96207233710082	0
75.96208904689808	0
75.96210575669716	0
75.9621224664981	0
75.96213917630086	0
75.96215588610544	0
75.96217259591188	0
75.96218930572014	0
75.96220601553026	0
75.9622227253422	0
75.962239435156	0
75.96225614497162	0
75.9622728547891	0
75.96228956460838	0
75.96230627442952	0
75.9623229842525	0
75.96233969407732	0
75.96235640390398	0
75.96237311373246	0
75.9623898235628	0
75.96240653339494	0
75.96242324322894	0
75.9624399530648	0
75.96245666290248	0
75.96247337274198	0
75.96249008258334	0
75.96250679242654	0
75.96252350227158	0
75.96254021211844	0
75.96255692196714	0
75.96257363181768	0
75.96259034167008	0
75.9626070515243	0
75.96262376138034	0
75.96264047123826	0
75.96265718109798	0
75.96267389095954	0
75.96269060082296	0
75.9627073106882	0
75.9627240205553	0
75.96274073042422	0
75.96275744029498	0
75.96277415016758	0
75.96279086004202	0
75.96280756991828	0
75.9628242797964	0
75.96284098967634	0
75.96285769955814	0
75.96287440944176	0
75.96289111932722	0
75.96290782921454	0
75.96292453910366	0
75.96294124899464	0
75.96295795888746	0
75.96297466878212	0
75.9629913786786	0
75.96300808857694	0
75.9630247984771	0
75.96304150837912	0
75.96305821828294	0
75.96307492818862	0
75.96309163809616	0
75.9631083480055	0
75.9631250579167	0
75.96314176782974	0
75.9631584777446	0
75.96317518766132	0
75.96319189757986	0
75.96320860750022	0
75.96322531742246	0
75.96324202734652	0
75.96325873727242	0
75.96327544720016	0
75.96329215712972	0
75.96330886706114	0
75.96332557699436	0
75.96334228692946	0
75.9633589968664	0
75.96337570680516	0
75.96339241674576	0
75.9634091266882	0
75.96342583663248	0
75.96344254657856	0
75.96345925652652	0
75.96347596647632	0
75.96349267642796	0
75.9635093863814	0
75.96352609633672	0
75.96354280629386	0
75.96355951625284	0
75.96357622621366	0
75.9635929361763	0
75.9636096461408	0
75.96362635610714	0
75.9636430660753	0
75.9636597760453	0
75.96367648601716	0
75.96369319599084	0
75.96370990596634	0
75.9637266159437	0
75.9637433259229	0
75.96376003590394	0
75.9637767458868	0
75.96379345587152	1
75.96381016585806	0
75.96382687584646	0
75.96384358583666	0
75.96386029582872	0
75.96387700582262	0
75.96389371581836	0
75.96391042581594	0
75.96392713581536	0
75.9639438458166	0
75.96396055581968	0
75.96397726582462	0
75.96399397583138	0
75.96401068583998	0
75.96402739585042	0
75.9640441058627	0
75.96406081587682	0
75.96407752589276	0
75.96409423591056	0
75.96411094593018	0
75.96412765595164	0
75.96414436597496	0
75.9641610760001	0
75.96417778602708	0
75.9641944960559	1
75.96421120608656	0
75.96422791611904	0
75.96424462615338	0
75.96426133618954	0
75.96427804622756	0
75.9642947562674	0
75.96431146630908	0
75.96432817635262	0
75.96434488639798	0
75.96436159644514	0
75.96437830649418	0
75.96439501654506	0
75.96441172659778	0
75.96442843665234	0
75.96444514670872	0
75.96446185676694	0
75.96447856682698	0
75.96449527688888	0
75.96451198695264	0
75.96452869701822	0
75.96454540708562	0
75.96456211715488	0
75.96457882722596	0
75.9645955372989	0
75.96461224737364	0
75.96462895745024	0
75.9646456675287	0
75.96466237760898	0
75.9646790876911	0
75.96469579777506	0
75.96471250786084	0
75.96472921794848	0
75.96474592803794	0
75.96476263812924	0
75.96477934822238	0
75.96479605831736	0
75.96481276841418	0
75.96482947851284	0
75.96484618861334	0
75.96486289871568	0
75.96487960881984	0
75.96489631892584	0
75.9649130290337	0
75.96492973914338	0
75.9649464492549	0
75.96496315936828	0
75.96497986948346	0
75.96499657960048	0
75.96501328971938	0
75.96502999984008	0
75.96504670996262	0
75.96506342008702	0
75.96508013021324	0
75.9650968403413	0
75.96511355047122	0
75.96513026060294	0
75.96514697073652	0
75.96516368087194	0
75.96518039100918	0
75.96519710114828	0
75.9652138112892	0
75.96523052143198	0
75.96524723157658	0
75.96526394172302	0
75.9652806518713	0
75.96529736202142	0
75.96531407217338	0
75.96533078232718	0
75.96534749248282	0
75.96536420264028	0
75.96538091279958	0
75.96539762296072	0
75.9654143331237	0
75.96543104328852	0
75.96544775345518	0
75.96546446362368	0
75.96548117379402	0
75.9654978839662	0
75.9655145941402	0
75.96553130431604	0
75.96554801449372	0
75.96556472467324	0
75.96558143485462	0
75.96559814503782	0
75.96561485522286	0
75.96563156540972	0
75.96564827559844	0
75.96566498578898	0
75.96568169598138	0
75.9656984061756	0
75.96571511637168	0
75.96573182656958	0
75.96574853676932	0
75.9657652469709	0
75.9657819571743	0
75.96579866737954	0
75.96581537758666	0
75.96583208779558	0
75.96584879800636	0
75.96586550821896	0
75.9658822184334	0
75.96589892864968	0
75.96591563886778	0
75.96593234908776	0
75.96594905930954	0
75.96596576953318	0
75.96598247975866	0
75.96599918998596	0
75.96601590021512	0
75.96603261044608	0
75.96604932067892	0
75.96606603091358	0
75.96608274115006	0
75.9660994513884	0
75.96611616162858	0
75.96613287187058	0
75.96614958211444	0
75.96616629236012	0
75.96618300260764	0
75.96619971285702	0
75.96621642310822	0
75.96623313336124	0
75.96624984361614	0
75.96626655387284	0
75.9662832641314	0
75.96629997439178	0
75.966316684654	0
75.96633339491808	0
75.96635010518398	0
75.96636681545172	0
75.9663835257213	0
75.96640023599272	0
75.96641694626598	0
75.96643365654106	0
75.966450366818	0
75.96646707709678	0
75.96648378737738	0
75.96650049765982	0
75.96651720794412	0
75.96653391823024	0
75.96655062851816	0
75.96656733880796	0
75.96658404909962	0
75.96660075939308	0
75.9666174696884	0
75.96663417998554	0
75.96665089028454	0
75.96666760058536	0
75.966684310888	0
75.9667010211925	0
75.96671773149884	0
75.96673444180702	0
75.96675115211704	0
75.96676786242888	0
75.96678457274258	0
75.9668012830581	0
75.96681799337544	0
75.96683470369466	0
75.9668514140157	0
75.96686812433858	0
75.9668848346633	0
75.96690154498986	0
75.96691825531826	0
75.96693496564848	0
75.96695167598052	0
75.96696838631444	0
75.96698509665018	0
75.96700180698778	0
75.96701851732718	0
75.96703522766844	1
75.96705193801154	0
75.96706864835646	0
75.96708535870324	0
75.96710206905184	0
75.96711877940228	0
75.96713548975458	1
75.9671522001087	0
75.96716891046466	0
75.96718562082246	0
75.96720233118208	0
75.96721904154354	0
75.96723575190688	0
75.96725246227202	0
75.96726917263902	0
75.96728588300784	0
75.9673025933785	0
75.967319303751	0
75.96733601412532	0
75.9673527245015	0
75.96736943487952	0
75.96738614525938	0
75.96740285564106	0
75.9674195660246	0
75.96743627640996	0
75.96745298679716	0
75.9674696971862	0
75.96748640757708	0
75.96750311796978	0
75.96751982836436	0
75.96753653876074	0
75.96755324915898	0
75.96756995955904	0
75.96758666996094	0
75.96760338036468	0
75.96762009077028	0
75.9676368011777	0
75.96765351158696	0
75.96767022199806	0
75.96768693241098	0
75.96770364282576	0
75.96772035324236	0
75.96773706366082	0
75.9677537740811	0
75.96777048450322	0
75.96778719492718	0
75.96780390535298	0
75.96782061578062	0
75.9678373262101	0
75.96785403664138	0
75.96787074707454	0
75.96788745750954	0
75.96790416794636	0
75.96792087838504	0
75.96793758882552	0
75.96795429926788	0
75.96797100971204	0
75.96798772015806	1
75.9680044306059	0
75.9680211410556	1
75.96803785150714	0
75.9680545619605	0
75.9680712724157	0
75.96808798287276	0
75.96810469333162	0
75.96812140379234	0
75.9681381142549	0
75.9681548247193	0
75.96817153518552	0
75.9681882456536	1
75.9682049561235	0
75.96822166659526	0
75.96823837706882	0
75.96825508754426	0
75.9682717980215	0
75.96828850850062	0
75.96830521898154	0
75.96832192946432	0
75.96833863994894	0
75.96835535043538	0
75.96837206092366	0
75.96838877141378	0
75.96840548190574	0
75.96842219239954	0
75.9684389028952	0
75.96845561339266	0
75.96847232389198	0
75.96848903439314	0
75.96850574489612	0
75.96852245540094	0
75.9685391659076	0
75.9685558764161	0
75.96857258692644	0
75.96858929743864	0
75.96860600795264	0
75.9686227184685	0
75.96863942898618	0
75.96865613950572	0
75.9686728500271	0
75.9686895605503	0
75.96870627107534	0
75.96872298160224	0
75.96873969213094	0
75.96875640266148	0
75.9687731131939	0
75.96878982372812	1
75.9688065342642	0
75.96882324480212	0
75.96883995534186	0
75.96885666588344	0
75.96887337642686	0
75.96889008697212	0
75.96890679751922	0
75.96892350806814	0
75.96894021861894	0
75.96895692917154	0
75.968973639726	0
75.96899035028228	0
75.96900706084042	0
75.96902377140036	0
75.96904048196216	0
75.9690571925258	0
75.9690739030913	0
75.9690906136586	0
75.96910732422776	0
75.96912403479874	0
75.96914074537156	0
75.96915745594624	0
75.96917416652274	0
75.96919087710108	0
75.96920758768126	0
75.96922429826328	0
75.96924100884714	0
75.96925771943284	0
75.96927443002036	0
75.96929114060974	0
75.96930785120092	0
75.96932456179398	0
75.96934127238886	0
75.96935798298558	0
75.96937469358414	0
75.96939140418456	0
75.96940811478676	0
75.96942482539086	0
75.96944153599676	0
75.9694582466045	0
75.9694749572141	0
75.96949166782552	0
75.96950837843878	0
75.96952508905388	0
75.96954179967082	0
75.9695585102896	0
75.9695752209102	0
75.96959193153266	0
75.96960864215694	0
75.96962535278308	0
75.96964206341104	0
75.96965877404082	0
75.96967548467246	0
75.96969219530596	0
75.96970890594126	0
75.96972561657842	0
75.96974232721742	0
75.96975903785826	0
75.96977574850092	0
75.96979245914542	0
75.96980916979176	0
75.96982588043994	0
75.96984259108996	0
75.96985930174182	0
75.96987601239552	0
75.96989272305106	0
75.96990943370842	1
75.96992614436762	0
75.96994285502866	0
75.96995956569156	0
75.96997627635628	0
75.96999298702284	0
75.97000969769124	0
75.97002640836148	0
75.97004311903356	0
75.97005982970746	0
75.9700765403832	0
75.9700932510608	0
75.97010996174022	0
75.9701266724215	0
75.97014338310458	1
75.97016009378952	0
75.97017680447628	0
75.97019351516492	0
75.97021022585536	0
75.97022693654766	0
75.97024364724178	0
75.97026035793776	0
75.97027706863556	0
75.9702937793352	0
75.97031049003668	0
75.97032720074	0
75.97034391144514	0
75.97036062215214	0
75.97037733286096	0
75.97039404357164	0
75.97041075428416	0
75.9704274649985	0
75.97044417571466	0
75.9704608864327	0
75.97047759715256	0
75.97049430787426	0
75.97051101859778	0
75.97052772932316	0
75.97054444005036	0
75.97056115077942	0
75.9705778615103	0
75.97059457224302	0
75.97061128297758	0
75.97062799371398	0
75.97064470445222	0
75.9706614151923	0
75.97067812593422	0
75.97069483667796	0
75.97071154742354	0
75.97072825817096	0
75.97074496892024	0
75.97076167967134	0
75.97077839042428	0
75.97079510117906	0
75.97081181193568	0
75.97082852269412	0
75.97084523345442	0
75.97086194421654	0
75.97087865498052	0
75.97089536574632	0
75.97091207651396	0
75.97092878728344	1
75.97094549805476	0
75.97096220882792	0
75.9709789196029	0
75.97099563037974	0
75.97101234115842	0
75.97102905193892	0
75.97104576272126	0
75.97106247350546	0
75.97107918429148	0
75.97109589507934	0
75.97111260586902	0
75.97112931666058	0
75.97114602745394	1
75.97116273824916	0
75.9711794490462	0
75.9711961598451	1
75.9712128706458	0
75.97122958144838	0
75.97124629225278	0
75.97126300305902	0
75.9712797138671	0
75.97129642467702	0
75.97131313548876	0
75.97132984630234	0
75.97134655711776	0
75.97136326793504	0
75.97137997875414	0
75.97139668957508	0
75.97141340039786	0
75.97143011122248	0
75.97144682204894	0
75.97146353287722	0
75.97148024370736	0
75.97149695453932	0
75.97151366537312	0
75.97153037620878	0
75.97154708704626	0
75.97156379788558	0
75.97158050872674	0
75.97159721956974	0
75.97161393041456	0
75.97163064126124	0
75.97164735210974	0
75.9716640629601	0
75.97168077381228	0
75.97169748466632	0
75.97171419552218	0
75.97173090637986	0
75.9717476172394	0
75.97176432810076	0
75.97178103896398	0
75.97179774982904	0
75.97181446069592	0
75.97183117156466	0
75.97184788243522	0
75.9718645933076	0
75.97188130418186	0
75.97189801505792	0
75.97191472593586	1
75.9719314368156	0
75.9719481476972	0
75.97196485858062	0
75.9719815694659	0
75.97199828035298	0
75.97201499124192	0
75.97203170213272	0
75.97204841302534	0
75.9720651239198	0
75.97208183481608	0
75.97209854571422	0
75.9721152566142	0
75.97213196751598	0
75.97214867841964	0
75.97216538932512	0
75.97218210023244	0
75.9721988111416	0
75.9722155220526	0
75.97223223296544	0
75.9722489438801	0
75.9722656547966	0
75.97228236571496	0
75.97229907663516	0
75.97231578755718	0
75.97233249848104	0
75.97234920940674	0
75.97236592033428	0
75.97238263126364	0
75.97239934219486	0
75.97241605312792	0
75.9724327640628	0
75.97244947499954	0
75.9724661859381	0
75.9724828968785	0
75.97249960782076	0
75.97251631876482	0
75.97253302971074	0
75.9725497406585	0
75.9725664516081	0
75.97258316255952	0
75.97259987351278	0
75.9726165844679	0
75.97263329542484	0
75.9726500063836	0
75.97266671734424	0
75.97268342830668	0
75.97270013927098	0
75.97271685023712	0
75.9727335612051	0
75.97275027217492	0
75.97276698314654	0
75.97278369412004	0
75.97280040509534	0
75.97281711607252	0
75.97283382705152	0
75.97285053803236	0
75.97286724901502	0
75.97288395999954	0
75.97290067098588	0
75.97291738197408	0
75.9729340929641	0
75.97295080395596	0
75.97296751494966	0
75.9729842259452	0
75.97300093694258	0
75.9730176479418	0
75.97303435894284	0
75.97305106994574	0
75.97306778095046	0
75.97308449195702	0
75.97310120296544	0
75.97311791397568	0
75.97313462498776	0
75.97315133600168	0
75.97316804701742	0
75.97318475803502	0
75.97320146905446	0
75.97321818007574	0
75.97323489109884	0
75.97325160212378	0
75.97326831315058	0
75.97328502417918	0
75.97330173520964	0
75.97331844624194	0
75.97333515727608	0
75.97335186831206	0
75.97336857934986	0
75.9733852903895	0
75.973402001431	0
75.97341871247432	0
75.97343542351948	0
75.97345213456648	0
75.97346884561532	0
75.973485556666	0
75.9735022677185	0
75.97351897877286	0
75.97353568982906	0
75.97355240088706	0
75.97356911194694	0
75.97358582300864	0
75.97360253407218	0
75.97361924513756	0
75.97363595620478	0
75.97365266727384	0
75.97366937834472	0
75.97368608941744	0
75.97370280049202	0
75.97371951156842	0
75.97373622264666	0
75.97375293372674	0
75.97376964480868	0
75.97378635589244	0
75.97380306697802	0
75.97381977806546	0
75.97383648915472	0
75.97385320024584	0
75.97386991133878	0
75.97388662243358	0
75.9739033335302	0
75.97392004462866	0
75.97393675572894	0
75.97395346683108	0
75.97397017793504	0
75.97398688904086	0
75.97400360014852	0
75.974020311258	0
75.97403702236934	0
75.9740537334825	0
75.9740704445975	0
75.97408715571434	0
75.974103866833	0
75.97412057795352	0
75.97413728907588	0
75.97415400020006	0
75.9741707113261	0
75.97418742245398	0
75.97420413358366	0
75.9742208447152	0
75.97423755584858	0
75.9742542669838	0
75.97427097812086	0
75.97428768925976	0
75.97430440040048	0
75.97432111154304	1
75.97433782268746	0
75.9743545338337	0
75.97437124498178	0
75.97438795613172	1
75.97440466728348	0
75.97442137843706	0
75.9744380895925	0
75.97445480074976	0
75.97447151190888	0
75.97448822306982	0
75.97450493423262	0
75.97452164539724	0
75.9745383565637	0
75.974555067732	0
75.97457177890214	0
75.9745884900741	0
75.97460520124792	0
75.97462191242356	0
75.97463862360106	0
75.97465533478038	0
75.97467204596156	0
75.97468875714456	0
75.9747054683294	0
75.97472217951606	0
75.97473889070458	0
75.97475560189494	0
75.97477231308714	0
75.97478902428116	0
75.97480573547704	0
75.97482244667474	0
75.97483915787428	0
75.97485586907566	0
75.97487258027888	0
75.97488929148394	0
75.97490600269084	0
75.97492271389956	0
75.97493942511014	0
75.97495613632256	0
75.97497284753678	0
75.97498955875288	0
75.9750062699708	0
75.97502298119056	0
75.97503969241216	0
75.97505640363558	0
75.97507311486086	0
75.97508982608798	0
75.9751065373169	0
75.9751232485477	0
75.97513995978032	0
75.9751566710148	0
75.9751733822511	0
75.97519009348924	0
75.97520680472922	0
75.97522351597102	0
75.97524022721468	0
75.97525693846016	0
75.9752736497075	0
75.97529036095666	0
75.97530707220766	0
75.97532378346052	0
75.97534049471518	0
75.9753572059717	0
75.97537391723004	0
75.97539062849026	0
75.97540733975228	0
75.97542405101616	0
75.97544076228186	0
75.9754574735494	0
75.97547418481878	0
75.97549089609	0
75.97550760736306	0
75.97552431863796	0
75.97554102991468	0
75.97555774119326	0
75.97557445247368	0
75.97559116375592	0
75.97560787504002	0
75.97562458632592	0
75.97564129761368	0
75.97565800890328	0
75.97567472019472	0
75.975691431488	0
75.97570814278312	0
75.97572485408006	0
75.97574156537886	0
75.97575827667948	0
75.97577498798194	0
75.97579169928624	0
75.97580841059238	0
75.97582512190036	0
75.97584183321018	0
75.97585854452184	0
75.97587525583532	0
75.97589196715064	0
75.9759086784678	0
75.97592538978682	0
75.97594210110766	0
75.97595881243034	0
75.97597552375486	0
75.97599223508122	0
75.9760089464094	0
75.97602565773944	0
75.97604236907132	0
75.97605908040502	0
75.97607579174058	0
75.97609250307796	0
75.97610921441718	0
75.97612592575824	0
75.97614263710112	0
75.97615934844586	0
75.97617605979244	0
75.97619277114084	0
75.9762094824911	0
75.9762261938432	0
75.97624290519712	0
75.97625961655288	0
75.97627632791046	0
75.9762930392699	0
75.97630975063118	0
75.9763264619943	0
75.97634317335926	0
75.97635988472604	0
75.97637659609468	0
75.97639330746512	0
75.97641001883744	0
75.97642673021158	0
75.97644344158756	0
75.97646015296538	0
75.97647686434504	0
75.97649357572652	0
75.97651028710986	0
75.976526998495	0
75.97654370988202	0
75.97656042127086	0
75.97657713266156	0
75.97659384405408	0
75.97661055544844	0
75.97662726684464	0
75.97664397824266	0
75.97666068964252	0
75.97667740104424	0
75.97669411244778	0
75.97671082385318	0
75.9767275352604	0
75.97674424666946	0
75.97676095808036	0
75.9767776694931	0
75.97679438090766	0
75.97681109232408	0
75.97682780374232	0
75.97684451516242	0
75.97686122658434	0
75.9768779380081	0
75.9768946494337	0
75.97691136086114	0
75.97692807229042	0
75.97694478372152	0
75.97696149515448	0
75.97697820658928	0
75.97699491802592	0
75.97701162946438	0
75.97702834090468	0
75.97704505234682	0
75.9770617637908	0
75.97707847523662	0
75.97709518668428	0
75.97711189813378	0
75.9771286095851	0
75.97714532103828	0
75.97716203249328	0
75.97717874395012	0
75.9771954554088	0
75.97721216686932	0
75.9772288783317	0
75.97724558979588	1
75.97726230126192	0
75.9772790127298	0
75.97729572419952	0
75.97731243567104	0
75.97732914714444	0
75.97734585861966	0
75.97736257009672	0
75.97737928157562	0
75.97739599305636	0
75.97741270453894	0
75.97742941602334	0
75.9774461275096	0
75.97746283899768	0
75.97747955048762	0
75.97749626197938	0
75.97751297347298	0
75.97752968496844	0
75.97754639646572	0
75.97756310796482	0
75.97757981946576	0
75.97759653096856	0
75.9776132424732	0
75.97762995397966	0
75.97764666548798	0
75.97766337699812	0
75.9776800885101	0
75.97769680002392	0
75.97771351153956	0
75.97773022305708	0
75.9777469345764	0
75.97776364609758	0
75.97778035762058	0
75.97779706914542	0
75.97781378067212	0
75.97783049220062	0
75.977847203731	0
75.9778639152632	0
75.97788062679724	0
75.9778973383331	0
75.97791404987082	0
75.97793076141036	0
75.97794747295174	0
75.97796418449498	0
75.97798089604004	0
75.97799760758694	0
75.97801431913568	0
75.97803103068626	0
75.97804774223868	0
75.97806445379292	0
75.97808116534902	0
75.97809787690694	0
75.9781145884667	0
75.97813130002832	0
75.97814801159176	0
75.97816472315704	0
75.97818143472416	0
75.97819814629312	0
75.9782148578639	0
75.97823156943654	0
75.978248281011	0
75.9782649925873	0
75.97828170416546	0
75.97829841574544	0
75.97831512732726	0
75.97833183891092	1
75.97834855049642	0
75.97836526208374	0
75.97838197367292	0
75.97839868526394	0
75.97841539685678	0
75.97843210845146	0
75.978448820048	0
75.97846553164634	0
75.97848224324656	0
75.97849895484858	0
75.97851566645246	0
75.97853237805818	0
75.97854908966572	0
75.97856580127512	0
75.97858251288636	0
75.9785992244994	0
75.9786159361143	0
75.97863264773106	0
75.97864935934962	0
75.97866607097004	0
75.9786827825923	0
75.9786994942164	0
75.97871620584232	0
75.97873291747008	0
75.97874962909968	0
75.97876634073114	0
75.97878305236442	0
75.97879976399954	0
75.9788164756365	0
75.97883318727528	0
75.97884989891594	0
75.97886661055838	0
75.9788833222027	0
75.97890003384884	0
75.97891674549682	0
75.97893345714666	0
75.97895016879832	0
75.97896688045182	0
75.97898359210714	0
75.97900030376432	0
75.97901701542332	0
75.97903372708418	0
75.97905043874688	0
75.97906715041138	0
75.97908386207776	0
75.97910057374596	0
75.97911728541598	0
75.97913399708786	0
75.97915070876158	0
75.97916742043714	0
75.97918413211454	0
75.97920084379376	0
75.97921755547482	0
75.97923426715772	0
75.97925097884246	0
75.97926769052904	0
75.97928440221746	0
75.97930111390772	0
75.97931782559982	0
75.97933453729374	0
75.97935124898952	0
75.97936796068712	0
75.97938467238656	0
75.97940138408784	0
75.97941809579096	0
75.97943480749592	0
75.97945151920272	0
75.97946823091136	0
75.97948494262182	0
75.97950165433414	0
75.97951836604828	0
75.97953507776426	0
75.9795517894821	0
75.97956850120176	0
75.97958521292326	0
75.9796019246466	0
75.97961863637178	0
75.97963534809878	0
75.97965205982762	0
75.97966877155832	0
75.97968548329084	0
75.9797021950252	0
75.97971890676142	0
75.97973561849946	0
75.97975233023932	0
75.97976904198104	0
75.97978575372458	0
75.97980246546998	0
75.97981917721722	0
75.97983588896628	0
75.97985260071718	0
75.97986931246994	0
75.97988602422452	0
75.97990273598092	0
75.97991944773918	0
75.97993615949928	0
75.9799528712612	0
75.97996958302498	0
75.9799862947906	0
75.98000300655804	0
75.98001971832732	0
75.98003643009844	0
75.9800531418714	0
75.9800698536462	0
75.98008656542284	0
75.98010327720132	0
75.98011998898162	0
75.98013670076378	0
75.98015341254776	0
75.98017012433358	0
75.98018683612124	0
75.98020354791074	0
75.98022025970208	0
75.98023697149526	0
75.98025368329028	0
75.98027039508714	0
75.9802871068858	0
75.98030381868634	0
75.9803205304887	0
75.9803372422929	0
75.98035395409894	0
75.98037066590684	0
75.98038737771656	0
75.98040408952812	0
75.98042080134148	0
75.98043751315672	0
75.98045422497378	0
75.9804709367927	0
75.98048764861346	0
75.98050436043604	0
75.98052107226044	0
75.9805377840867	0
75.9805544959148	0
75.98057120774474	0
75.9805879195765	0
75.98060463141012	0
75.98062134324556	0
75.98063805508286	0
75.98065476692198	0
75.98067147876292	0
75.98068819060572	0
75.98070490245036	0
75.98072161429684	0
75.98073832614514	0
75.9807550379953	0
75.9807717498473	0
75.98078846170112	0
75.98080517355678	0
75.98082188541428	0
75.98083859727362	0
75.9808553091348	0
75.98087202099782	0
75.98088873286268	1
75.98090544472936	0
75.98092215659788	0
75.98093886846824	0
75.98095558034046	0
75.9809722922145	0
75.98098900409038	0
75.9810057159681	0
75.98102242784766	0
75.98103913972906	0
75.98105585161228	0
75.98107256349734	0
75.98108927538426	0
75.981105987273	0
75.98112269916358	0
75.98113941105602	0
75.98115612295028	0
75.98117283484636	0
75.9811895467443	0
75.98120625864406	0
75.98122297054568	0
75.98123968244914	0
75.98125639435442	0
75.98127310626154	0
75.98128981817052	0
75.98130653008132	0
75.98132324199394	0
75.9813399539084	0
75.98135666582472	0
75.98137337774288	0
75.98139008966288	0
75.9814068015847	0
75.98142351350836	0
75.98144022543388	0
75.9814569373612	0
75.98147364929038	0
75.9814903612214	0
75.98150707315426	0
75.98152378508896	0
75.98154049702548	0
75.98155720896386	0
75.98157392090404	0
75.9815906328461	0
75.98160734478998	0
75.9816240567357	0
75.98164076868326	0
75.98165748063266	0
75.98167419258388	0
75.98169090453696	0
75.98170761649186	0
75.98172432844862	0
75.9817410404072	0
75.98175775236762	0
75.98177446432988	0
75.98179117629398	0
75.98180788825992	0
75.9818246002277	0
75.9818413121973	0
75.98185802416874	0
75.98187473614204	0
75.98189144811718	0
75.98190816009412	0
75.98192487207292	0
75.98194158405358	0
75.98195829603606	0
75.98197500802036	0
75.9819917200065	0
75.9820084319945	0
75.98202514398434	0
75.982041855976	0
75.9820585679695	0
75.98207527996486	0
75.98209199196202	0
75.98210870396104	0
75.9821254159619	0
75.9821421279646	0
75.98215883996912	0
75.9821755519755	0
75.98219226398372	0
75.98220897599374	0
75.98222568800562	0
75.98224240001936	0
75.9822591120349	0
75.9822758240523	0
75.98229253607154	0
75.98230924809262	0
75.98232596011554	0
75.98234267214028	0
75.98235938416684	0
75.98237609619528	0
75.98239280822554	0
75.98240952025764	0
75.98242623229158	0
75.98244294432736	0
75.98245965636498	0
75.98247636840442	0
75.9824930804457	0
75.98250979248884	0
75.9825265045338	0
75.9825432165806	0
75.98255992862924	0
75.98257664067972	0
75.98259335273204	0
75.9826100647862	0
75.98262677684218	0
75.98264348890002	0
75.98266020095968	0
75.98267691302118	0
75.98269362508454	0
75.98271033714972	0
75.98272704921674	0
75.98274376128558	0
75.98276047335628	0
75.98277718542882	0
75.9827938975032	0
75.9828106095794	0
75.98282732165744	0
75.98284403373732	0
75.98286074581906	0
75.9828774579026	0
75.982894169988	0
75.98291088207524	0
75.98292759416432	0
75.98294430625522	0
75.98296101834798	0
75.98297773044258	0
75.982994442539	0
75.98301115463724	0
75.98302786673734	0
75.98304457883928	0
75.98306129094308	0
75.9830780030487	0
75.98309471515614	0
75.98311142726544	0
75.98312813937656	0
75.98314485148952	0
75.98316156360432	0
75.98317827572096	0
75.98319498783944	0
75.98321169995978	0
75.98322841208192	0
75.98324512420592	0
75.98326183633174	0
75.98327854845942	0
75.98329526058892	0
75.98331197272026	0
75.98332868485346	0
75.98334539698848	0
75.98336210912532	0
75.98337882126404	0
75.98339553340456	0
75.98341224554692	0
75.98342895769114	0
75.98344566983718	0
75.98346238198506	0
75.9834790941348	0
75.98349580628636	0
75.98351251843976	0
75.98352923059498	0
75.98354594275206	0
75.98356265491098	0
75.98357936707174	0
75.98359607923432	0
75.98361279139874	0
75.98362950356502	0
75.9836462157331	0
75.98366292790304	0
75.98367964007484	0
75.98369635224844	0
75.9837130644239	0
75.9837297766012	0
75.98374648878034	0
75.9837632009613	0
75.9837799131441	0
75.98379662532874	0
75.98381333751522	0
75.98383004970354	0
75.9838467618937	0
75.9838634740857	0
75.98388018627952	0
75.9838968984752	0
75.9839136106727	0
75.98393032287204	0
75.98394703507324	0
75.98396374727626	0
75.9839804594811	0
75.9839971716878	0
75.98401388389636	0
75.98403059610672	0
75.98404730831892	0
75.98406402053298	0
75.98408073274886	0
75.98409744496658	0
75.98411415718616	0
75.98413086940756	0
75.9841475816308	0
75.98416429385586	0
75.98418100608278	0
75.98419771831152	0
75.98421443054212	0
75.98423114277456	0
75.98424785500882	0
75.98426456724492	0
75.98428127948288	0
75.98429799172264	0
75.98431470396424	0
75.98433141620772	0
75.98434812845302	0
75.98436484070014	0
75.9843815529491	0
75.98439826519992	0
75.98441497745256	0
75.98443168970702	0
75.98444840196336	0
75.98446511422152	0
75.98448182648152	0
75.98449853874334	0
75.98451525100702	0
75.98453196327254	0
75.98454867553988	0
75.98456538780906	0
75.98458210008008	0
75.98459881235294	0
75.98461552462764	0
75.98463223690418	0
75.98464894918256	0
75.98466566146278	0
75.9846823737448	0
75.9846990860287	0
75.98471579831444	0
75.984732510602	0
75.9847492228914	0
75.98476593518264	0
75.98478264747572	0
75.98479935977064	0
75.98481607206738	0
75.98483278436596	0
75.9848494966664	0
75.98486620896868	0
75.98488292127278	0
75.98489963357872	0
75.9849163458865	0
75.98493305819612	0
75.98494977050758	0
75.98496648282088	0
75.984983195136	0
75.98499990745298	0
75.98501661977178	0
75.98503333209244	0
75.9850500444149	0
75.98506675673924	0
75.98508346906538	0
75.98510018139338	0
75.98511689372322	0
75.9851336060549	0
75.98515031838842	0
75.98516703072376	0
75.98518374306094	0
75.98520045539996	0
75.98521716774082	0
75.98523388008354	0
75.98525059242806	0
75.98526730477444	0
75.98528401712266	0
75.98530072947272	0
75.98531744182462	0
75.98533415417832	0
75.98535086653388	0
75.9853675788913	0
75.98538429125054	0
75.98540100361162	0
75.98541771597454	0
75.9854344283393	0
75.98545114070588	0
75.9854678530743	0
75.98548456544458	0
75.98550127781668	0
75.98551799019062	0
75.98553470256642	0
75.98555141494404	0
75.9855681273235	0
75.9855848397048	0
75.9856015520879	0
75.98561826447288	0
75.9856349768597	0
75.98565168924834	0
75.98566840163882	0
75.98568511403114	0
75.98570182642532	0
75.9857185388213	0
75.98573525121914	0
75.98575196361882	0
75.98576867602034	0
75.98578538842368	0
75.98580210082886	0
75.9858188132359	0
75.98583552564476	0
75.98585223805544	0
75.985868950468	0
75.98588566288238	0
75.98590237529858	0
75.98591908771664	0
75.98593580013654	0
75.98595251255828	0
75.98596922498184	1
75.98598593740722	0
75.98600264983448	0
75.98601936226356	0
75.98603607469448	0
75.98605278712724	0
75.98606949956182	0
75.98608621199826	0
75.98610292443652	0
75.98611963687662	0
75.98613634931858	0
75.98615306176236	0
75.98616977420798	0
75.98618648665544	0
75.98620319910474	0
75.98621991155588	0
75.98623662400884	0
75.98625333646366	0
75.9862700489203	0
75.9862867613788	0
75.98630347383912	0
75.98632018630128	0
75.98633689876528	0
75.98635361123112	0
75.98637032369878	0
75.9863870361683	0
75.98640374863966	0
75.98642046111284	0
75.98643717358788	0
75.98645388606474	0
75.98647059854344	0
75.98648731102398	0
75.98650402350634	0
75.98652073599058	0
75.98653744847662	0
75.98655416096452	0
75.98657087345426	0
75.98658758594582	0
75.98660429843924	0
75.98662101093448	0
75.98663772343154	0
75.98665443593046	0
75.98667114843124	0
75.98668786093382	0
75.98670457343826	0
75.98672128594454	0
75.98673799845264	0
75.98675471096258	0
75.98677142347436	0
75.98678813598798	0
75.98680484850344	0
75.98682156102076	0
75.98683827353988	0
75.98685498606086	0
75.98687169858368	0
75.98688841110832	0
75.9869051236348	0
75.98692183616312	0
75.9869385486933	0
75.9869552612253	0
75.98697197375914	0
75.98698868629482	0
75.98700539883232	0
75.98702211137168	0
75.98703882391286	0
75.98705553645588	0
75.98707224900076	0
75.98708896154748	0
75.98710567409602	0
75.9871223866464	0
75.98713909919862	0
75.98715581175266	0
75.98717252430856	0
75.9871892368663	0
75.98720594942586	0
75.98722266198726	0
75.98723937455052	0
75.9872560871156	0
75.9872727996825	0
75.98728951225128	0
75.98730622482186	0
75.9873229373943	0
75.98733964996858	0
75.9873563625447	0
75.98737307512264	0
75.98738978770244	0
75.98740650028402	0
75.9874232128675	0
75.9874399254528	0
75.98745663803994	0
75.98747335062892	0
75.98749006321972	0
75.98750677581238	0
75.98752348840686	0
75.98754020100318	0
75.98755691360136	0
75.98757362620136	0
75.9875903388032	0
75.98760705140688	0
75.9876237640124	0
75.98764047661976	0
75.98765718922894	0
75.98767390183996	0
75.98769061445284	0
75.98770732706754	0
75.98772403968408	0
75.98774075230248	0
75.98775746492268	0
75.98777417754476	0
75.98779089016864	0
75.98780760279436	0
75.98782431542194	0
75.98784102805136	0
75.9878577406826	1
75.98787445331568	0
75.9878911659506	0
75.98790787858736	0
75.98792459122596	0
75.9879413038664	0
75.98795801650866	0
75.98797472915278	0
75.98799144179874	1
75.98800815444652	0
75.98802486709614	0
75.9880415797476	0
75.9880582924009	0
75.98807500505604	0
75.98809171771302	0
75.98810843037182	1
75.9881251430325	1
75.98814185569498	0
75.98815856835932	0
75.98817528102548	0
75.98819199369346	0
75.98820870636332	0
75.988225419035	0
75.9882421317085	0
75.98825884438386	0
75.98827555706106	0
75.9882922697401	0
75.98830898242096	0
75.98832569510366	0
75.98834240778822	0
75.98835912047458	0
75.98837583316282	0
75.98839254585288	0
75.98840925854476	0
75.9884259712385	0
75.98844268393408	0
75.98845939663148	1
75.98847610933072	0
75.98849282203182	0
75.98850953473474	0
75.9885262474395	0
75.98854296014612	0
75.98855967285454	0
75.9885763855648	0
75.98859309827692	0
75.98860981099088	0
75.98862652370666	0
75.9886432364243	0
75.98865994914376	0
75.98867666186506	0
75.9886933745882	0
75.98871008731318	0
75.98872680003998	0
75.98874351276864	0
75.98876022549914	0
75.98877693823148	0
75.98879365096564	0
75.98881036370164	0
75.98882707643946	0
75.98884378917916	0
75.98886050192068	0
75.98887721466404	0
75.98889392740922	0
75.98891064015626	0
75.98892735290514	0
75.98894406565584	0
75.98896077840838	0
75.98897749116276	0
75.98899420391898	0
75.98901091667706	0
75.98902762943696	0
75.98904434219868	0
75.98906105496226	0
75.98907776772766	0
75.98909448049492	0
75.989111193264	0
75.98912790603492	0
75.9891446188077	0
75.98916133158228	0
75.98917804435872	0
75.989194757137	1
75.98921146991712	0
75.98922818269908	0
75.98924489548286	0
75.98926160826848	0
75.98927832105596	0
75.98929503384526	0
75.9893117466364	0
75.98932845942938	1
75.98934517222418	0
75.98936188502084	0
75.98937859781934	0
75.98939531061968	0
75.98941202342184	0
75.98942873622586	0
75.9894454490317	0
75.98946216183938	0
75.98947887464888	0
75.98949558746024	0
75.98951230027346	0
75.98952901308848	0
75.98954572590534	0
75.98956243872406	0
75.9895791515446	0
75.989595864367	0
75.98961257719122	0
75.98962929001726	0
75.98964600284516	0
75.98966271567492	0
75.98967942850648	0
75.9896961413399	0
75.98971285417516	0
75.98972956701226	0
75.98974627985116	0
75.98976299269192	0
75.98977970553452	0
75.98979641837896	0
75.98981313122526	0
75.98982984407336	0
75.98984655692332	0
75.9898632697751	0
75.98987998262872	0
75.9898966954842	0
75.9899134083415	0
75.98993012120064	0
75.98994683406164	0
75.98996354692444	0
75.98998025978912	0
75.9899969726556	0
75.99001368552392	0
75.9900303983941	0
75.9900471112661	0
75.99006382413996	0
75.99008053701564	0
75.99009724989316	0
75.99011396277252	0
75.9901306756537	0
75.99014738853674	0
75.99016410142162	0
75.99018081430834	0
75.99019752719688	1
75.99021424008728	0
75.9902309529795	0
75.99024766587356	0
75.99026437876944	0
75.9902810916672	0
75.99029780456678	0
75.99031451746818	0
75.99033123037142	0
75.99034794327652	0
75.99036465618344	0
75.9903813690922	0
75.9903980820028	0
75.99041479491526	0
75.99043150782954	0
75.99044822074566	0
75.9904649336636	0
75.9904816465834	0
75.99049835950504	0
75.99051507242848	0
75.9905317853538	0
75.99054849828094	0
75.99056521120994	0
75.99058192414074	0
75.9905986370734	0
75.9906153500079	0
75.99063206294424	0
75.9906487758824	0
75.9906654888224	0
75.99068220176426	0
75.99069891470794	0
75.99071562765346	0
75.99073234060084	0
75.99074905355004	0
75.99076576650108	0
75.99078247945394	0
75.99079919240864	0
75.9908159053652	0
75.99083261832358	0
75.99084933128382	0
75.99086604424588	0
75.99088275720978	0
75.99089947017552	0
75.9909161831431	0
75.9909328961125	0
75.99094960908376	0
75.99096632205686	0
75.99098303503178	0
75.99099974800856	0
75.99101646098716	0
75.99103317396758	0
75.99104988694988	0
75.991066599934	0
75.99108331291994	0
75.99110002590774	0
75.99111673889738	0
75.99113345188884	0
75.99115016488214	0
75.99116687787728	0
75.99118359087428	0
75.9912003038731	0
75.99121701687376	0
75.99123372987624	1
75.99125044288058	0
75.99126715588676	0
75.99128386889478	0
75.99130058190462	0
75.9913172949163	0
75.99133400792982	0
75.99135072094518	0
75.99136743396238	0
75.99138414698142	0
75.9914008600023	0
75.991417573025	0
75.99143428604956	0
75.99145099907596	0
75.99146771210418	0
75.99148442513426	0
75.99150113816614	0
75.9915178511999	0
75.99153456423548	0
75.99155127727288	0
75.99156799031212	0
75.99158470335324	0
75.99160141639616	0
75.99161812944092	0
75.99163484248754	0
75.99165155553598	0
75.99166826858626	0
75.99168498163836	0
75.99170169469232	0
75.99171840774812	0
75.99173512080576	0
75.99175183386522	0
75.99176854692654	0
75.99178525998968	0
75.99180197305468	0
75.99181868612148	0
75.99183539919014	0
75.99185211226064	0
75.991868825333	0
75.99188553840716	0
75.99190225148318	0
75.99191896456102	0
75.9919356776407	0
75.99195239072222	0
75.9919691038056	0
75.9919858168908	0
75.99200252997784	0
75.99201924306672	0
75.99203595615742	0
75.99205266925	0
75.99206938234436	0
75.99208609544058	0
75.99210280853866	0
75.99211952163856	0
75.9921362347403	0
75.9921529478439	0
75.9921696609493	0
75.99218637405656	0
75.99220308716566	0
75.99221980027658	0
75.99223651338934	0
75.99225322650396	0
75.9922699396204	0
75.99228665273868	0
75.99230336585882	0
75.99232007898078	0
75.99233679210456	0
75.99235350523018	0
75.99237021835766	1
75.99238693148698	0
75.99240364461812	0
75.99242035775112	0
75.99243707088594	0
75.9924537840226	0
75.9924704971611	0
75.99248721030144	0
75.99250392344362	1
75.99252063658762	0
75.99253734973348	0
75.99255406288118	0
75.9925707760307	0
75.99258748918204	0
75.99260420233524	0
75.9926209154903	0
75.99263762864718	0
75.9926543418059	0
75.99267105496644	0
75.99268776812884	0
75.99270448129306	0
75.99272119445912	0
75.99273790762704	0
75.99275462079678	0
75.99277133396836	0
75.99278804714178	0
75.99280476031704	0
75.99282147349414	0
75.99283818667308	1
75.99285489985382	0
75.99287161303644	0
75.99288832622088	0
75.99290503940716	0
75.9929217525953	0
75.99293846578526	0
75.99295517897706	0
75.99297189217068	0
75.99298860536616	0
75.99300531856346	0
75.99302203176262	0
75.9930387449636	0
75.99305545816642	0
75.9930721713711	0
75.9930888845776	0
75.99310559778594	0
75.9931223109961	0
75.99313902420812	0
75.99315573742198	0
75.99317245063766	0
75.9931891638552	1
75.99320587707456	0
75.99322259029576	0
75.9932393035188	0
75.99325601674368	0
75.9932727299704	0
75.99328944319896	0
75.99330615642934	0
75.99332286966158	0
75.99333958289564	0
75.99335629613156	1
75.9933730093693	0
75.99338972260888	0
75.9934064358503	0
75.99342314909356	0
75.99343986233866	0
75.99345657558558	0
75.99347328883438	0
75.99349000208496	0
75.9935067153374	1
75.9935234285917	0
75.99354014184782	0
75.99355685510578	0
75.99357356836558	0
75.99359028162722	0
75.9936069948907	0
75.993623708156	1
75.99364042142316	0
75.99365713469214	0
75.99367384796298	0
75.99369056123564	0
75.99370727451014	0
75.99372398778648	0
75.99374070106466	0
75.99375741434466	0
75.99377412762652	1
75.99379084091022	0
75.99380755419574	0
75.99382426748312	0
75.99384098077232	0
75.99385769406338	0
75.99387440735624	0
75.99389112065094	0
75.9939078339475	0
75.9939245472459	0
75.99394126054614	0
75.99395797384822	1
75.99397468715212	0
75.99399140045786	0
75.99400811376544	0
75.99402482707486	0
75.99404154038612	0
75.99405825369922	0
75.99407496701416	0
75.99409168033092	0
75.99410839364954	0
75.99412510697	0
75.99414182029228	0
75.9941585336164	0
75.99417524694236	0
75.99419196027016	0
75.9942086735998	0
75.99422538693128	0
75.9942421002646	0
75.99425881359974	0
75.99427552693672	0
75.99429224027556	0
75.99430895361624	0
75.99432566695874	0
75.99434238030308	0
75.99435909364926	0
75.99437580699728	0
75.99439252034712	0
75.9944092336988	0
75.99442594705234	0
75.9944426604077	0
75.99445937376492	0
75.99447608712396	0
75.99449280048486	0
75.99450951384756	0
75.99452622721212	0
75.99454294057852	0
75.99455965394674	0
75.99457636731682	0
75.99459308068874	0
75.99460979406248	0
75.99462650743806	0
75.9946432208155	1
75.99465993419474	0
75.99467664757584	1
75.99469336095878	0
75.99471007434354	0
75.99472678773016	0
75.99474350111862	0
75.9947602145089	0
75.99477692790104	0
75.994793641295	0
75.99481035469078	0
75.99482706808844	0
75.9948437814879	0
75.99486049488922	0
75.99487720829238	0
75.99489392169738	0
75.9949106351042	0
75.99492734851286	0
75.99494406192336	0
75.99496077533572	0
75.99497748874988	0
75.99499420216592	0
75.99501091558376	0
75.99502762900346	0
75.99504434242498	0
75.99506105584836	0
75.99507776927356	0
75.99509448270062	0
75.9951111961295	0
75.99512790956022	0
75.99514462299278	0
75.99516133642718	0
75.9951780498634	0
75.99519476330148	0
75.9952114767414	0
75.99522819018314	0
75.99524490362674	1
75.99526161707216	0
75.99527833051942	0
75.99529504396852	0
75.99531175741944	0
75.99532847087222	0
75.99534518432684	0
75.99536189778328	0
75.99537861124158	0
75.9953953247017	0
75.99541203816368	0
75.99542875162748	0
75.9954454650931	0
75.9954621785606	0
75.99547889202992	0
75.99549560550106	1
75.99551231897406	0
75.9955290324489	0
75.99554574592556	0
75.99556245940404	0
75.9955791728844	0
75.99559588636658	0
75.9956125998506	0
75.99562931333646	0
75.99564602682416	0
75.9956627403137	0
75.99567945380508	0
75.99569616729826	0
75.99571288079332	1
75.9957295942902	0
75.99574630778892	1
75.99576302128948	0
75.99577973479188	1
75.99579644829612	0
75.9958131618022	0
75.9958298753101	1
75.99584658881984	0
75.99586330233144	0
75.99588001584486	0
75.99589672936014	1
75.99591344287722	0
75.99593015639618	0
75.99594686991696	0
75.99596358343956	0
75.99598029696402	1
75.9959970104903	0
75.99601372401844	0
75.9960304375484	0
75.99604715108022	0
75.99606386461384	1
75.9960805781493	0
75.99609729168662	0
75.9961140052258	1
75.99613071876678	3
75.99614743230962	0
75.9961641458543	0
75.9961808594008	1
75.99619757294914	0
75.99621428649932	3
75.99623100005134	0
75.9962477136052	0
75.9962644271609	0
75.99628114071842	0
75.9962978542778	0
75.99631456783902	0
75.99633128140206	0
75.99634799496694	0
75.99636470853366	0
75.99638142210224	0
75.99639813567264	0
75.99641484924488	0
75.99643156281894	2
75.99644827639486	0
75.99646498997262	1
75.9964817035522	2
75.99649841713362	2
75.9965151307169	2
75.99653184430198	1
75.99654855788894	1
75.99656527147772	0
75.99658198506834	1
75.99659869866078	2
75.99661541225508	0
75.9966321258512	1
75.99664883944916	0
75.99666555304898	1
75.99668226665062	1
75.9966989802541	1
75.99671569385942	0
75.99673240746658	3
75.99674912107558	3
75.9967658346864	3
75.99678254829908	2
75.99679926191358	0
75.99681597552994	1
75.99683268914812	2
75.99684940276814	3
75.99686611638998	8
75.9968828300137	6
75.99689954363922	0
75.9969162572666	3
75.99693297089582	1
75.99694968452686	1
75.99696639815974	3
75.99698311179448	8
75.99699982543102	6
75.99701653906944	7
75.99703325270968	5
75.99704996635176	4
75.99706667999568	5
75.99708339364142	4
75.99710010728902	9
75.99711682093844	3
75.9971335345897	7
75.9971502482428	10
75.99716696189776	19
75.99718367555452	20
75.99720038921316	14
75.99721710287362	14
75.9972338165359	25
75.99725053020002	42
75.99726724386598	36
75.9972839575338	58
75.99730067120344	66
75.99731738487492	125
75.99733409854826	135
75.9973508122234	207
75.9973675259004	265
75.99738423957922	285
75.9974009532599	312
75.99741766694242	307
75.99743438062676	332
75.99745109431296	315
75.99746780800098	285
75.99748452169084	263
75.99750123538254	202
75.99751794907606	148
75.99753466277144	134
75.99755137646866	106
75.9975680901677	69
75.9975848038686	55
75.99760151757134	52
75.99761823127588	36
75.9976349449823	27
75.99765165869052	26
75.9976683724006	28
75.99768508611252	18
75.99770179982628	13
75.99771851354188	17
75.9977352272593	11
75.99775194097856	8
75.99776865469966	9
75.9977853684226	5
75.9978020821474	8
75.997818795874	8
75.99783550960248	7
75.99785222333276	3
75.9978689370649	4
75.99788565079886	4
75.99790236453466	2
75.9979190782723	5
75.9979357920118	3
75.99795250575312	4
75.99796921949628	2
75.99798593324128	6
75.99800264698812	3
75.9980193607368	0
75.9980360744873	5
75.99805278823964	1
75.99806950199384	1
75.99808621574986	1
75.99810292950772	0
75.99811964326742	0
75.99813635702896	2
75.99815307079234	3
75.99816978455754	2
75.9981864983246	0
75.9982032120935	1
75.99821992586422	3
75.9982366396368	0
75.9982533534112	0
75.99827006718744	2
75.9982867809655	2
75.99830349474542	1
75.99832020852718	3
75.99833692231078	0
75.9983536360962	1
75.99837034988348	1
75.99838706367258	0
75.99840377746352	2
75.9984204912563	0
75.99843720505092	1
75.99845391884738	0
75.99847063264566	2
75.9984873464458	0
75.99850406024778	2
75.99852077405158	0
75.99853748785724	0
75.99855420166472	0
75.99857091547404	0
75.9985876292852	0
75.9986043430982	1
75.99862105691304	0
75.99863777072972	0
75.99865448454824	1
75.99867119836858	0
75.99868791219076	0
75.99870462601478	1
75.99872133984064	0
75.99873805366836	0
75.9987547674979	0
75.99877148132928	0
75.9987881951625	0
75.99880490899754	0
75.99882162283444	0
75.99883833667316	0
75.99885505051374	0
75.99887176435612	0
75.99888847820038	0
75.99890519204646	1
75.99892190589438	0
75.99893861974412	0
75.99895533359572	0
75.99897204744914	0
75.99898876130442	0
75.99900547516152	0
75.99902218902048	0
75.99903890288128	1
75.9990556167439	0
75.99907233060834	0
75.99908904447464	0
75.99910575834276	0
75.99912247221276	0
75.99913918608456	1
75.99915589995822	0
75.9991726138337	0
75.99918932771102	0
75.99920604159018	2
75.99922275547118	0
75.99923946935402	0
75.9992561832387	0
75.99927289712522	2
75.99928961101356	0
75.99930632490374	0
75.99932303879578	0
75.99933975268962	0
75.99935646658534	0
75.99937318048288	0
75.99938989438226	0
75.99940660828348	0
75.99942332218654	0
75.99944003609144	0
75.99945674999816	0
75.99947346390672	0
75.99949017781712	0
75.99950689172938	0
75.99952360564346	0
75.99954031955938	0
75.99955703347714	0
75.99957374739672	0
75.99959046131816	0
75.99960717524142	0
75.99962388916654	0
75.99964060309348	0
75.99965731702228	0
75.9996740309529	0
75.99969074488536	1
75.99970745881966	0
75.99972417275578	0
75.99974088669376	0
75.99975760063358	0
75.99977431457522	0
75.99979102851872	0
75.99980774246404	0
75.9998244564112	0
75.99984117036018	0
75.99985788431104	0
75.9998745982637	0
75.99989131221822	1
75.99990802617458	0
75.99992474013278	0
75.99994145409282	0
75.99995816805468	0
75.99997488201836	0
75.9999915959839	0
76.00000830995128	0
76.00002502392052	0
76.00004173789156	0
76.00005845186446	0
76.0000751658392	1
76.00009187981578	0
76.00010859379418	1
76.00012530777442	0
76.0001420217565	0
76.00015873574042	0
76.00017544972618	0
76.00019216371378	0
76.00020887770322	0
76.0002255916945	0
76.00024230568758	0
76.00025901968254	0
76.00027573367932	0
76.00029244767796	0
76.00030916167842	0
76.00032587568072	0
76.00034258968486	0
76.00035930369082	0
76.00037601769864	0
76.00039273170828	0
76.00040944571978	0
76.0004261597331	0
76.00044287374828	0
76.00045958776528	0
76.00047630178412	0
76.00049301580478	0
76.0005097298273	0
76.00052644385166	0
76.00054315787784	0
76.00055987190588	0
76.00057658593576	0
76.00059329996746	0
76.000610014001	0
76.00062672803638	0
76.0006434420736	0
76.00066015611264	1
76.00067687015354	0
76.00069358419628	0
76.00071029824086	0
76.00072701228726	0
76.00074372633552	0
76.00076044038558	0
76.0007771544375	0
76.00079386849128	0
76.00081058254686	1
76.0008272966043	0
76.00084401066358	0
76.0008607247247	0
76.00087743878764	0
76.00089415285242	0
76.00091086691904	0
76.00092758098752	0
76.00094429505782	0
