Filename: Z:\2020-12-20\2020-12-20_055 76Sr with beam merging _ RT100_T846 - clipped_MS100.tof
Analyze-time: Fri Feb 19 17:46:26 2021

Range: 61
Start Peak: 6179
Block size: 2
Block-Min: 0
Int-Max: 0
Peak mass: Rb85:-1e
Treshold: 0
Method: Median
a: 0.08554320834809824
t0: -0.174931057477
b: 0.575849041251
T: 800

Area1: 1 - 896

B Positions (center Block):
MS	B	Intensity	Peakposition (us)	Peakposition alt (u)	Peakposition corrected (u)
2	0.5758497164193284	23	14545.7426	84.91143984720276	84.91124116583198
4	0.5758495418480218	25	14545.7382	84.91138847618896	84.91124116583198
6	0.5758497005492096	33	14545.742199999998	84.91143517710992	84.91124116583202
8	0.5758503194838418	22	14545.7578	84.91161731082458	84.911241165832
10	0.5758502560033668	26	14545.7562	84.91159863043462	84.91124116583202
12	0.5758500655619414	16	14545.7514	84.911542589277	84.91124116583202
14	0.5758501607826542	29	14545.753799999998	84.91157060985348	84.911241165832
16	0.5758499386009912	26	14545.7482	84.91150522851554	84.91124116583202
18	0.5758497164193284	19	14545.7426	84.91143984720276	84.91124116583198
20	0.5758496291336752	33	14545.740399999998	84.9114141616939	84.91124116583198
22	0.5758494942376654	21	14545.737	84.91137446591516	84.91124116583204
24	0.5758492720560026	22	14545.731399999998	84.9113090846527	84.911241165832
26	0.5758493355364778	18	14545.733	84.91132776501084	84.91124116583198
28	0.5758498354452192	17	14545.7456	84.91147487290292	84.91124116583202
30	0.5758502242631292	25	14545.7554	84.9115892902404	84.91124116583202
32	0.5758502983236834	34	14545.757266666666	84.91161108402768	84.91124116583202
34	0.5758502083930104	21	14545.755	84.91158462014348	84.91124116583202
36	0.5758501925228916	25	14545.7546	84.9115799500467	84.91124116583202
38	0.5758503194838418	24	14545.7578	84.91161731082458	84.911241165832
40	0.5758501078822582	32	14545.752466666666	84.91155504286598	84.91124116583198
42	0.5758500814320602	24	14545.7518	84.91154725937278	84.91124116583202
44	0.5758505178603266	31	14545.762799999998	84.9116756870565	84.91124116583198
46	0.5758502242631292	25	14545.7554	84.9115892902404	84.91124116583202
48	0.5758500232416248	38	14545.750333333334	84.91153013568894	84.911241165832
50	0.5758501449125354	13	14545.7534	84.9115659397571	84.911241165832
52	0.5758500814320602	32	14545.7518	84.91154725937278	84.91124116583202
54	0.5758499703412288	18	14545.749	84.91151456870514	84.911241165832
56	0.5758495418480218	19	14545.7382	84.91138847618896	84.91124116583198
58	0.5758494434532854	28	14545.735719999998	84.91135952162436	84.911241165832
60	0.575849732289447	26	14545.742999999998	84.91144451729568	84.91124116583202
62	0.5758497481595658	22	14545.7434	84.91144918738874	84.91124116583202
64	0.575849890990635	29	14545.747	84.9114912182321	84.911241165832
66	0.57584995447111	32	14545.748599999998	84.91150989861026	84.91124116583204
68	0.5758498222201202	17	14545.745266666666	84.9114709811581	84.91124116583202
70	0.5758494783675468	19	14545.7366	84.91136979582414	84.911241165832
72	0.5758497560946254	27	14545.7436	84.91145152243534	84.91124116583198
74	0.5758494836575864	18	14545.736733333334	84.91137135252112	84.911241165832
76	0.5758500100165258	25	14545.75	84.91152624394284	84.911241165832
78	0.5758496635189324	20	14545.741266666666	84.91142428022724	84.911241165832
80	0.5758498433802786	22	14545.745799999998	84.91147720794984	84.91124116583198
82	0.5758493514065964	24	14545.7334	84.91133243510068	84.911241165832
84	0.5758491514431	28	14545.72836	84.91127359197794	84.91124116583202
86	0.575848605511014	26	14545.7146	84.91111294101642	84.91124116583202
88	0.5758484150695886	22	14545.709799999998	84.91105690001908	84.91124116583204
90	0.5758487404070236	23	14545.717999999998	84.91115263673404	84.911241165832
92	0.575848605511014	22	14545.7146	84.91111294101642	84.91124116583202
94	0.575848594930935	29	14545.714333333334	84.9111098276272	84.911241165832
96	0.5758485737707766	21	14545.7138	84.91110360084892	84.911241165832
98	0.5758487642122018	18	14545.7186	84.91115964186168	84.91124116583202
100	0.5758489229133896	24	14545.7226	84.91120634271972	84.91124116583202
102	0.5758490578093992	21	14545.725999999998	84.91124603845918	84.911241165832
104	0.575848930848449	19	14545.7228	84.911208677763	84.91124116583202
106	0.5758492720560026	18	14545.731399999998	84.9113090846527	84.911241165832
108	0.5758491609651712	29	14545.728599999998	84.91127639403092	84.91124116583202
110	0.5758488118225582	25	14545.719799999998	84.91117365211772	84.911241165832
112	0.5758490392942606	29	14545.725533333332	84.91124059002382	84.91124116583202
114	0.5758492085755276	22	14545.7298	84.91129040429664	84.91124116583202
116	0.5758492085755276	22	14545.7298	84.91129040429664	84.91124116583202
118	0.5758493037962402	20	14545.732199999998	84.91131842483152	84.911241165832
120	0.5758493672767152	17	14545.7338	84.91133710519068	84.91124116583202
122	0.5758491979954484	22	14545.729533333334	84.91128729090416	84.91124116583198
124	0.5758486626434416	25	14545.71604	84.91112975331924	84.91124116583202
126	0.575848542030539	16	14545.713	84.91109426068192	84.911241165832
128	0.5758490181341022	23	14545.724999999998	84.91123436324074	84.911241165832
130	0.5758492085755276	21	14545.7298	84.91129040429664	84.91124116583202
132	0.5758490022639834	17	14545.7246	84.9112296931536	84.91124116583202
134	0.5758493672767152	24	14545.7338	84.91133710519068	84.91124116583202
136	0.575849578878299	24	14545.739133333332	84.91139937306938	84.91124116583202
138	0.5758493672767152	26	14545.7338	84.91133710519068	84.91124116583202
140	0.5758492584530438	28	14545.731057142858	84.91130508171908	84.91124116583198
142	0.5758491133548148	22	14545.7274	84.91126238376638	84.91124116583202
144	0.5758489546536272	20	14545.723399999998	84.91121568289288	84.911241165832
146	0.5758487324719642	30	14545.717799999998	84.91115030169156	84.911241165832
148	0.5758487388200118	23	14545.71796	84.91115216972558	84.91124116583202
150	0.5758489387835084	25	14545.723	84.91121101280626	84.91124116583204
152	0.5758487959524394	28	14545.7194	84.91116898203226	84.91124116583202
154	0.5758490498743398	28	14545.7258	84.91124370341544	84.91124116583198
156	0.5758489863938646	28	14545.724199999998	84.91122502306656	84.91124116583202
158	0.575848867367974	31	14545.7212	84.91118999741796	84.91124116583198
160	0.575849240315765	24	14545.730599999998	84.91129974447442	84.91124116583202
162	0.5758491979954484	28	14545.729533333334	84.91128729090416	84.91124116583198
164	0.575849188737879	27	14545.7293	84.91128456668578	84.91124116583202
166	0.5758493101442876	29	14545.73236	84.91132029286734	84.91124116583202
168	0.5758489356094846	16	14545.72292	84.91121007878894	84.91124116583202
170	0.5758485896408952	21	14545.714199999998	84.9111082709326	84.911241165832
172	0.5758487642122018	23	14545.7186	84.91115964186168	84.91124116583202
174	0.5758486245551566	18	14545.71508	84.91111854511718	84.91124116583202
176	0.575848774792281	28	14545.718866666666	84.91116275525178	84.91124116583198
178	0.5758488118225582	27	14545.719799999998	84.91117365211772	84.911241165832
180	0.5758489705237458	27	14545.7238	84.91122035297968	84.91124116583202
182	0.5758491979954484	24	14545.729533333334	84.91128729090416	84.91124116583198
184	0.575849073679518	31	14545.7264	84.9112507085468	84.91124116583202
186	0.5758487536321226	26	14545.718333333332	84.91115652847158	84.91124116583204
188	0.5758487324719642	18	14545.717799999998	84.91115030169156	84.911241165832
190	0.575848827692677	34	14545.7202	84.91117832220334	84.91124116583202
192	0.5758487218918852	33	14545.717533333332	84.91114718830168	84.911241165832
194	0.5758488594329144	26	14545.721	84.91118766237494	84.91124116583202
196	0.5758484785500638	18	14545.7114	84.9110755803495	84.91124116583202
198	0.575848335718995	31	14545.7078	84.911033549609	84.91124116583198
200	0.5758488594329144	26	14545.721	84.91118766237494	84.91124116583202
202	0.5758491450950524	23	14545.7282	84.91127172394262	84.91124116583202
204	0.5758491133548148	26	14545.7274	84.91126238376638	84.91124116583202
206	0.5758489229133896	20	14545.7226	84.91120634271972	84.91124116583202
208	0.5758492085755276	24	14545.7298	84.91129040429664	84.91124116583202
210	0.57584969525917	25	14545.742066666666	84.91143362041238	84.911241165832
212	0.5758498433802786	25	14545.745799999998	84.91147720794984	84.91124116583198
214	0.5758500020814664	20	14545.7498	84.91152390889524	84.911241165832
216	0.5758495894583782	25	14545.739399999998	84.91140248646388	84.91124116583202
218	0.575849462497428	30	14545.7362	84.91136512573324	84.91124116583198
220	0.5758494942376654	20	14545.737	84.91137446591516	84.91124116583204
222	0.5758492085755276	28	14545.7298	84.91129040429664	84.91124116583202
224	0.5758491323989574	21	14545.727879999998	84.91126798787204	84.91124116583202
226	0.5758494307571904	22	14545.7354	84.91135578555188	84.911241165832
228	0.5758496211986158	18	14545.7402	84.91141182664786	84.91124116583202
230	0.5758498539603578	14	14545.746066666666	84.9114803213458	84.91124116583198
232	0.5758498010599618	17	14545.744733333332	84.91146475436656	84.91124116583202
234	0.5758499386009912	28	14545.7482	84.91150522851554	84.91124116583202
236	0.5758499068607538	21	14545.7474	84.91149588832648	84.91124116583202
238	0.575850044401783	24	14545.750866666666	84.91153636248286	84.911241165832
240	0.5758503512240794	21	14545.7586	84.91162665102036	84.91124116583202
242	0.5758497798998036	24	14545.7442	84.91145852757526	84.911241165832
244	0.575850240133248	27	14545.755799999998	84.91159396033742	84.911241165832
246	0.5758504940551484	31	14545.7622	84.91166868190762	84.91124116583202
248	0.5758508273276426	26	14545.7706	84.91176675401838	84.91124116583202
250	0.5758503670941982	31	14545.759	84.91163132111842	84.91124116583202
252	0.5758503194838418	22	14545.7578	84.91161731082458	84.911241165832
254	0.5758502718734856	29	14545.756599999998	84.9116033005319	84.911241165832
256	0.575850446444792	34	14545.760999999998	84.9116546716107	84.91124116583202
258	0.5758499766892764	26	14545.74916	84.91151643674312	84.911241165832
260	0.5758500867220998	26	14545.751933333332	84.91154881607136	84.91124116583202
262	0.5758502242631292	16	14545.7554	84.9115892902404	84.91124116583202
264	0.5758502665834458	19	14545.756466666666	84.9116017438328	84.91124116583202
266	0.575850874937999	21	14545.771799999998	84.91178076432454	84.91124116583202
268	0.5758509225483554	23	14545.773	84.91179477463186	84.91124116583198
270	0.5758507426870092	20	14545.768466666666	84.9117418468103	84.911241165832
272	0.5758506368862174	22	14545.7658	84.9117107128053	84.91124116583202
274	0.5758503512240794	29	14545.7586	84.91162665102036	84.91124116583202
276	0.5758497904798826	32	14545.744466666666	84.91146164097088	84.91124116583198
278	0.575850097302179	25	14545.752199999998	84.91155192946864	84.91124116583198
280	0.5758501925228916	18	14545.7546	84.9115799500467	84.91124116583202
282	0.5758504147045544	21	14545.760199999998	84.91164533141342	84.91124116583202
284	0.5758506263061382	25	14545.765533333334	84.91170759940512	84.91124116583202
286	0.5758506051459798	27	14545.765	84.9117013726049	84.911241165832
288	0.5758506527563362	25	14545.7662	84.91171538290568	84.911241165832
290	0.5758503988344358	21	14545.7598	84.91164066131496	84.91124116583202
292	0.5758505099252672	22	14545.7626	84.91167335200686	84.91124116583202
294	0.5758505099252672	26	14545.7626	84.91167335200686	84.91124116583202
296	0.5758508273276426	26	14545.7706	84.91176675401838	84.91124116583202
298	0.5758512082104932	32	14545.7802	84.91187883650004	84.91124116583202
300	0.5758510071889888	33	14545.775133333332	84.9118196818477	84.91124116583202
302	0.5758511129897806	20	14545.7778	84.9118508158727	84.91124116583202
304	0.5758510283491472	27	14545.775666666666	84.91182590865226	84.91124116583202
306	0.5758507003666924	26	14545.767399999998	84.9117293932076	84.91124116583202
308	0.5758503274189012	25	14545.758	84.91161964587348	84.911241165832
310	0.5758500814320602	32	14545.7518	84.91154725937278	84.91124116583202
312	0.5758502242631292	24	14545.7554	84.9115892902404	84.91124116583202
314	0.5758502718734856	25	14545.756599999998	84.9116033005319	84.911241165832
316	0.5758501925228916	28	14545.7546	84.9115799500467	84.91124116583202
318	0.5758506686264548	24	14545.7666	84.91172005300618	84.911241165832
320	0.5758506178420748	27	14545.765319999998	84.911705108685	84.911241165832
322	0.5758504411547524	27	14545.760866666666	84.9116531149111	84.91124116583202
324	0.5758505099252672	24	14545.7626	84.91167335200686	84.91124116583202
326	0.5758503321799368	26	14545.758119999998	84.91162104690282	84.91124116583202
328	0.575850303613723	15	14545.757399999998	84.9116126407269	84.91124116583198
330	0.5758504041244754	22	14545.759933333332	84.91164221801442	84.91124116583198
332	0.575850303613723	17	14545.757399999998	84.9116126407269	84.91124116583198
334	0.5758506368862174	22	14545.7658	84.9117107128053	84.91124116583202
336	0.575850525795386	33	14545.763	84.9116780221062	84.91124116583202
338	0.5758505099252672	29	14545.7626	84.91167335200686	84.91124116583202
340	0.5758503089037628	25	14545.757533333334	84.91161419742612	84.91124116583202
342	0.5758502242631292	22	14545.7554	84.9115892902404	84.91124116583202
344	0.5758502115670342	22	14545.755079999998	84.91158555416284	84.91124116583202
346	0.5758504305746732	31	14545.7606	84.911650001512	84.91124116583202
348	0.5758506368862174	26	14545.7658	84.9117107128053	84.91124116583202
350	0.5758508908081178	22	14545.7722	84.91178543442686	84.91124116583202
352	0.5758505734057422	25	14545.7642	84.91169203240504	84.91124116583202
354	0.5758504305746732	19	14545.7606	84.911650001512	84.91124116583202
356	0.5758504147045544	20	14545.760199999998	84.91164533141342	84.91124116583202
358	0.575850562825663	27	14545.763933333332	84.9116889190052	84.91124116583202
360	0.5758506241901224	20	14545.76548	84.9117069767251	84.91124116583202
362	0.5758510812495432	26	14545.777	84.9118414756646	84.911241165832
364	0.5758510018989492	32	14545.775	84.91181812514662	84.91124116583202
366	0.5758512082104932	22	14545.7802	84.91187883650004	84.91124116583202
368	0.5758512293706518	32	14545.780733333334	84.91188506330674	84.91124116583198
370	0.5758509754487512	28	14545.774333333332	84.91181034164134	84.911241165832
372	0.5758507691372072	27	14545.769133333334	84.91174963031244	84.91124116583202
374	0.5758506051459798	20	14545.765	84.9117013726049	84.911241165832
376	0.5758508908081178	34	14545.7722	84.91178543442686	84.91124116583202
378	0.5758509860288304	26	14545.774599999998	84.9118134550434	84.911241165832
380	0.5758508908081178	30	14545.7722	84.91178543442686	84.91124116583202
382	0.5758508379077218	29	14545.770866666666	84.91176986741966	84.911241165832
384	0.5758512716909684	9	14545.781799999998	84.91189751692084	84.911241165832
386	0.5758514409722354	24	14545.786066666666	84.91194733138634	84.91124116583202
388	0.5758508082835002	26	14545.77012	84.91176114989626	84.91124116583202
390	0.5758506368862174	32	14545.7658	84.9117107128053	84.91124116583202
392	0.5758508352627022	21	14545.7708	84.91176908906934	84.911241165832
394	0.5758509860288304	27	14545.774599999998	84.9118134550434	84.911241165832
396	0.5758511447300182	18	14545.7786	84.9118601560813	84.91124116583202
398	0.5758510495093056	29	14545.7762	84.91183213545706	84.91124116583202
400	0.5758507892393576	30	14545.769639999998	84.91175554577428	84.91124116583202
402	0.5758511923403746	21	14545.7798	84.91187416639518	84.91124116583202
404	0.5758510389292264	32	14545.775933333332	84.9118290220546	84.911241165832
406	0.5758509987249254	23	14545.77492	84.91181719112596	84.911241165832
408	0.5758506686264548	20	14545.7666	84.91172005300618	84.911241165832
410	0.5758507479770488	23	14545.7686	84.91174340351068	84.91124116583204
412	0.5758507479770488	31	14545.7686	84.91174340351068	84.91124116583204
414	0.5758508061674844	26	14545.770066666666	84.911760527216	84.911241165832
416	0.5758509780937712	25	14545.7744	84.91181111999188	84.91124116583202
418	0.5758511764702558	28	14545.7794	84.91186949629042	84.91124116583198
420	0.5758510891846026	25	14545.777199999998	84.91184381071656	84.91124116583198
422	0.5758510918296222	25	14545.777266666666	84.91184458906724	84.91124116583198
424	0.5758511764702558	23	14545.7794	84.91186949629042	84.91124116583198
426	0.5758513510415624	21	14545.7838	84.91192086744972	84.91124116583198
428	0.5758509542885928	30	14545.7738	84.91180411483738	84.91124116583202
430	0.5758508273276426	30	14545.7706	84.91176675401838	84.91124116583202
432	0.5758506210160986	23	14545.7654	84.91170604270506	84.91124116583202
434	0.5758504147045544	25	14545.760199999998	84.91164533141342	84.91124116583202
436	0.5758501925228916	20	14545.7546	84.9115799500467	84.91124116583202
438	0.5758500020814664	28	14545.7498	84.91152390889524	84.911241165832
440	0.5758501290424164	24	14545.752999999998	84.91156126966082	84.91124116583204
442	0.5758502560033668	28	14545.7562	84.91159863043462	84.91124116583202
444	0.575850033821704	27	14545.7506	84.91153324908586	84.91124116583198
446	0.5758500020814664	20	14545.7498	84.91152390889524	84.911241165832
448	0.5758508273276426	24	14545.7706	84.91176675401838	84.91124116583202
450	0.5758507876523458	21	14545.7696	84.91175507876414	84.91124116583202
452	0.5758508802280386	31	14545.771933333334	84.9117823210253	84.91124116583202
454	0.5758510257041274	31	14545.7756	84.91182513030166	84.911241165832
456	0.575851017769068	26	14545.775399999998	84.91182279524996	84.91124116583202
458	0.5758508844600702	27	14545.77204	84.91178356638592	84.91124116583204
460	0.5758505786957818	27	14545.764333333332	84.91169358910498	84.911241165832
462	0.5758506368862174	28	14545.7658	84.9117107128053	84.91124116583202
464	0.5758506210160986	28	14545.7654	84.91170604270506	84.91124116583202
466	0.5758507109467716	17	14545.767666666666	84.9117325066082	84.91124116583202
468	0.575850419994594	23	14545.760333333332	84.91164688811292	84.91124116583202
470	0.5758503988344358	19	14545.7598	84.91164066131496	84.91124116583202
472	0.575850303613723	21	14545.757399999998	84.9116126407269	84.91124116583198
474	0.5758502454232874	19	14545.755933333332	84.91159551703646	84.911241165832
476	0.575850303613723	13	14545.757399999998	84.9116126407269	84.91124116583198
478	0.575850446444792	32	14545.760999999998	84.9116546716107	84.91124116583202
480	0.575850293033644	27	14545.757133333332	84.91160952732852	84.911241165832
482	0.5758502877436042	18	14545.757	84.91160797062934	84.911241165832
484	0.5758503194838418	24	14545.7578	84.91161731082458	84.911241165832
486	0.5758505099252672	24	14545.7626	84.91167335200686	84.91124116583202
488	0.5758507479770488	24	14545.7686	84.91174340351068	84.91124116583204
490	0.5758504358647128	15	14545.760733333332	84.91165155821156	84.91124116583204
492	0.575850303613723	19	14545.757399999998	84.9116126407269	84.91124116583198
494	0.5758504147045544	36	14545.760199999998	84.91164533141342	84.91124116583202
496	0.5758509966089096	28	14545.774866666666	84.91181656844554	84.91124116583198
498	0.5758508273276426	30	14545.7706	84.91176675401838	84.91124116583202
500	0.5758509542885928	28	14545.7738	84.91180411483738	84.91124116583202
502	0.5758509437085136	28	14545.773533333334	84.91180100143548	84.91124116583202
504	0.575850874937999	19	14545.771799999998	84.91178076432454	84.91124116583202
506	0.5758511002936856	29	14545.777479999998	84.9118470797894	84.91124116583202
508	0.5758507638471676	21	14545.769	84.91174807361198	84.91124116583202
510	0.5758503988344358	19	14545.7598	84.91164066131496	84.91124116583202
512	0.5758503089037628	27	14545.757533333334	84.91161419742612	84.91124116583202
514	0.575850446444792	19	14545.760999999998	84.9116546716107	84.91124116583202
516	0.5758502348432084	35	14545.755666666666	84.9115924036384	84.91124116583198
518	0.5758505496005642	23	14545.7636	84.9116850272555	84.911241165832
520	0.5758504147045544	23	14545.760199999998	84.91164533141342	84.91124116583202
522	0.5758501925228916	24	14545.7546	84.9115799500467	84.91124116583202
524	0.5758501131722978	27	14545.7526	84.91155659956468	84.91124116583202
526	0.5758498433802786	24	14545.745799999998	84.91147720794984	84.91124116583198
528	0.5758501607826542	28	14545.753799999998	84.91157060985348	84.911241165832
530	0.5758502242631292	24	14545.7554	84.9115892902404	84.91124116583202
532	0.5758502083930104	23	14545.755	84.91158462014348	84.91124116583202
534	0.5758504358647128	19	14545.760733333332	84.91165155821156	84.91124116583204
536	0.575850446444792	30	14545.760999999998	84.9116546716107	84.91124116583202
538	0.575850382964317	16	14545.7594	84.91163599121662	84.911241165832
540	0.5758505019902078	27	14545.7624	84.91167101695722	84.91124116583202
542	0.5758502321981886	23	14545.755599999998	84.91159162528888	84.91124116583202
544	0.5758504781850296	23	14545.7618	84.91166401180854	84.91124116583202
546	0.5758504623149108	21	14545.7614	84.91165934170954	84.91124116583202
548	0.575850525795386	21	14545.763	84.9116780221062	84.91124116583202
550	0.5758507638471676	31	14545.769	84.91174807361198	84.91124116583202
552	0.5758508146315476	24	14545.770279999998	84.91176301793694	84.91124116583204
554	0.5758505310854256	28	14545.763133333332	84.911679578806	84.91124116583198
556	0.5758505654706828	31	14545.764	84.91168969735514	84.91124116583198
558	0.5758505734057422	19	14545.7642	84.91169203240504	84.91124116583202
560	0.5758502242631292	22	14545.7554	84.9115892902404	84.91124116583202
562	0.5758503194838418	28	14545.7578	84.91161731082458	84.911241165832
564	0.5758500761420206	25	14545.751666666666	84.91154570267416	84.911241165832
566	0.5758502083930104	25	14545.755	84.91158462014348	84.91124116583202
568	0.5758502031029708	25	14545.754866666666	84.91158306344452	84.911241165832
570	0.5758503512240794	22	14545.7586	84.91162665102036	84.91124116583202
572	0.575850589275861	17	14545.764599999998	84.9116967025049	84.91124116583198
574	0.57585073210693	16	14545.768199999998	84.91173873340952	84.911241165832
576	0.5758509013881968	31	14545.772466666666	84.91178854782846	84.91124116583204
578	0.5758510071889888	15	14545.775133333332	84.9118196818477	84.91124116583202
580	0.5758508590678802	28	14545.7714	84.91177609422236	84.91124116583202
582	0.5758505734057422	20	14545.7642	84.91169203240504	84.91124116583202
584	0.5758499967914268	33	14545.749666666666	84.91152235219688	84.91124116583202
586	0.575849798943946	32	14545.74468	84.91146413168742	84.91124116583202
588	0.57584995447111	17	14545.748599999998	84.91150989861026	84.91124116583204
590	0.5758502454232874	27	14545.755933333332	84.91159551703646	84.911241165832
592	0.5758502560033668	18	14545.7562	84.91159863043462	84.91124116583202
594	0.5758503512240794	29	14545.7586	84.91162665102036	84.91124116583202
596	0.5758506051459798	19	14545.765	84.9117013726049	84.911241165832
598	0.5758504305746732	28	14545.7606	84.911650001512	84.91124116583202
600	0.575850562825663	21	14545.763933333332	84.9116889190052	84.91124116583202
602	0.575850369361358	23	14545.759057142858	84.9116319882753	84.911241165832
604	0.5758502877436042	22	14545.757	84.91160797062934	84.911241165832
606	0.5758508209795952	21	14545.77044	84.91176488597766	84.91124116583202
608	0.5758509860288304	22	14545.774599999998	84.9118134550434	84.911241165832
610	0.5758508082835002	31	14545.77012	84.91176114989626	84.91124116583202
612	0.5758505813408018	25	14545.7644	84.91169436745496	84.91124116583198
614	0.5758502496553192	23	14545.75604	84.91159676239574	84.91124116583202
616	0.5758500655619414	20	14545.7514	84.911542589277	84.91124116583202
618	0.5758501396224956	29	14545.753266666666	84.91156438305832	84.91124116583202
620	0.5758507109467716	18	14545.767666666666	84.9117325066082	84.91124116583202
622	0.5758510622054006	29	14545.77652	84.91183587153998	84.911241165832
624	0.5758510495093056	24	14545.7762	84.91183213545706	84.91124116583202
626	0.575850382964317	16	14545.7594	84.91163599121662	84.911241165832
628	0.5758500761420206	21	14545.751666666666	84.91154570267416	84.911241165832
630	0.5758499766892764	18	14545.74916	84.91151643674312	84.911241165832
632	0.5758501607826542	30	14545.753799999998	84.91157060985348	84.911241165832
634	0.5758501653169738	22	14545.753914285714	84.91157194416676	84.91124116583196
636	0.5758505337304454	19	14545.7632	84.91168035715592	84.91124116583202
638	0.5758509225483554	24	14545.773	84.91179477463186	84.91124116583198
640	0.5758510114210204	25	14545.77524	84.91182092720862	84.91124116583204
642	0.5758512399507308	20	14545.781	84.91188817671018	84.91124116583202
644	0.5758508379077218	24	14545.770866666666	84.91176986741966	84.911241165832
646	0.575850382964317	22	14545.7594	84.91163599121662	84.911241165832
648	0.5758503089037628	21	14545.757533333334	84.91161419742612	84.91124116583202
650	0.5758502163280698	21	14545.7552	84.91158695519192	84.91124116583202
652	0.575850408356507	26	14545.76004	84.91164346337402	84.91124116583202
654	0.5758503353539608	19	14545.7582	84.9116219809224	84.91124116583198
656	0.5758501713627332	30	14545.754066666666	84.91157372325118	84.91124116583202
658	0.5758499068607538	28	14545.7474	84.91149588832648	84.91124116583202
660	0.5758501607826542	19	14545.753799999998	84.91157060985348	84.911241165832
662	0.575850033821704	26	14545.7506	84.91153324908586	84.91124116583198
664	0.575850136977476	27	14545.7532	84.91156360470896	84.91124116583202
666	0.575850771782227	25	14545.769199999998	84.91175040866264	84.911241165832
668	0.5758507426870092	28	14545.768466666666	84.9117418468103	84.911241165832
670	0.5758503353539608	23	14545.7582	84.9116219809224	84.91124116583198
672	0.5758502665834458	23	14545.756466666666	84.9116017438328	84.91124116583202
674	0.575850097302179	20	14545.752199999998	84.91155192946864	84.91124116583198
676	0.5758504781850296	20	14545.7618	84.91166401180854	84.91124116583202
678	0.5758503750292576	21	14545.759199999998	84.9116336561675	84.911241165832
680	0.5758499703412288	33	14545.749	84.91151456870514	84.911241165832
682	0.5758496529388534	22	14545.741	84.9114211668323	84.911241165832
684	0.5758496085025206	24	14545.73988	84.9114080905742	84.911241165832
686	0.5758498433802786	21	14545.745799999998	84.91147720794984	84.91124116583198
688	0.5758495767622832	19	14545.73908	84.91139875039046	84.91124116583198
690	0.575849991501387	32	14545.749533333332	84.91152079549848	84.91124116583202
692	0.5758505416655048	19	14545.7634	84.9116826922057	84.91124116583198
694	0.575850446444792	22	14545.760999999998	84.9116546716107	84.91124116583202
696	0.5758503194838418	24	14545.7578	84.91161731082458	84.911241165832
698	0.5758497798998036	18	14545.7442	84.91145852757526	84.911241165832
700	0.5758496211986158	28	14545.7402	84.91141182664786	84.91124116583202
702	0.5758503115487824	41	14545.7576	84.91161497577572	84.911241165832
704	0.5758505310854256	33	14545.763133333332	84.911679578806	84.91124116583198
706	0.5758504623149108	31	14545.7614	84.91165934170954	84.91124116583202
708	0.5758503920329562	32	14545.759628571428	84.91163865984422	84.91124116583202
710	0.5758510812495432	29	14545.777	84.9118414756646	84.911241165832
712	0.57585073210693	22	14545.768199999998	84.91173873340952	84.911241165832
714	0.5758503115487824	29	14545.7576	84.91161497577572	84.911241165832
716	0.5758505786957818	39	14545.764333333332	84.91169358910498	84.911241165832
718	0.5758508590678802	33	14545.7714	84.91177609422236	84.91124116583202
720	0.5758508908081178	26	14545.7722	84.91178543442686	84.91124116583202
722	0.5758507797172864	21	14545.7694	84.91175274371338	84.91124116583202
724	0.5758507479770488	23	14545.7686	84.91174340351068	84.91124116583204
726	0.5758506686264548	26	14545.7666	84.91172005300618	84.911241165832
728	0.5758508273276426	24	14545.7706	84.91176675401838	84.91124116583202
730	0.5758508908081178	22	14545.7722	84.91178543442686	84.91124116583202
732	0.5758509066782366	37	14545.7726	84.9117901045293	84.911241165832
734	0.5758502242631292	26	14545.7554	84.9115892902404	84.91124116583202
736	0.5758501861748442	29	14545.754439999998	84.911578082008	84.911241165832
738	0.5758505496005642	37	14545.7636	84.9116850272555	84.911241165832
740	0.5758508114575238	23	14545.7702	84.91176208391658	84.911241165832
742	0.5758503353539608	27	14545.7582	84.9116219809224	84.91124116583198
744	0.575850033821704	21	14545.7506	84.91153324908586	84.91124116583198
746	0.5758501925228916	22	14545.7546	84.9115799500467	84.91124116583202
748	0.5758501766527728	21	14545.7542	84.91157527995004	84.91124116583202
750	0.5758500496918226	19	14545.751	84.91153791918138	84.911241165832
752	0.5758502560033668	22	14545.7562	84.91159863043462	84.91124116583202
754	0.5758500549818622	25	14545.751133333334	84.91153947587992	84.91124116583204
756	0.57584995447111	31	14545.748599999998	84.91150989861026	84.91124116583204
758	0.5758503089037628	27	14545.757533333334	84.91161419742612	84.91124116583202
760	0.575850097302179	18	14545.752199999998	84.91155192946864	84.91124116583198
762	0.5758497164193284	26	14545.7426	84.91143984720276	84.91124116583198
764	0.5758495418480218	21	14545.7382	84.91138847618896	84.91124116583198
766	0.5758495577181406	16	14545.738599999998	84.91139314628046	84.91124116583202
768	0.575849991501387	19	14545.749533333332	84.91152079549848	84.91124116583202
770	0.5758501290424164	22	14545.752999999998	84.91156126966082	84.91124116583204
772	0.5758500761420206	21	14545.751666666666	84.91154570267416	84.911241165832
774	0.575850382964317	24	14545.7594	84.91163599121662	84.911241165832
776	0.5758504781850296	17	14545.7618	84.91166401180854	84.91124116583202
778	0.5758504781850296	27	14545.7618	84.91166401180854	84.91124116583202
780	0.5758501290424164	16	14545.752999999998	84.91156126966082	84.91124116583204
782	0.5758499068607538	25	14545.7474	84.91149588832648	84.91124116583202
784	0.5758499862113476	32	14545.749399999998	84.91151923880012	84.911241165832
786	0.5758501449125354	28	14545.7534	84.9115659397571	84.911241165832
788	0.5758497957699222	23	14545.7446	84.91146319766874	84.91124116583202
790	0.5758497798998036	26	14545.7442	84.91145852757526	84.911241165832
792	0.57585021368305	18	14545.755133333332	84.91158617684242	84.91124116583202
794	0.5758503988344358	20	14545.7598	84.91164066131496	84.91124116583202
796	0.5758501819428124	29	14545.754333333332	84.9115768366489	84.91124116583202
798	0.5758501290424164	25	14545.752999999998	84.91156126966082	84.91124116583204
800	0.5758501766527728	21	14545.7542	84.91157527995004	84.91124116583202
802	0.5758498977921144	28	14545.747171428572	84.9114932197011	84.91124116583198
804	0.57585034328902	29	14545.758399999998	84.91162431597134	84.911241165832
806	0.5758500782580366	30	14545.75172	84.91154632535362	84.91124116583202
808	0.5758497481595658	22	14545.7434	84.91144918738874	84.91124116583202
810	0.5758497164193284	31	14545.7426	84.91143984720276	84.91124116583198
812	0.5758501449125354	21	14545.7534	84.9115659397571	84.911241165832
814	0.5758502560033668	26	14545.7562	84.91159863043462	84.91124116583202
816	0.5758502031029708	27	14545.754866666666	84.91158306344452	84.911241165832
818	0.5758498592503974	17	14545.7462	84.9114818780438	84.91124116583202
820	0.575850070096261	32	14545.751514285714	84.91154392359006	84.91124116583204
822	0.5758500814320602	25	14545.7518	84.91154725937278	84.91124116583202
824	0.5758500258866446	21	14545.750399999998	84.91153091403816	84.911241165832
826	0.5758501396224956	22	14545.753266666666	84.91156438305832	84.91124116583202
828	0.575849811640041	21	14545.744999999998	84.9114678677623	84.91124116583202
830	0.5758495101077844	20	14545.7374	84.9113791360063	84.91124116583202
832	0.575849875120516	26	14545.746599999998	84.91148654813788	84.91124116583202
834	0.5758500258866446	37	14545.750399999998	84.91153091403816	84.911241165832
836	0.5758505099252672	21	14545.7626	84.91167335200686	84.91124116583202
838	0.5758505226213622	34	14545.76292	84.91167708808632	84.91124116583202
840	0.5758507955874052	27	14545.7698	84.91175741381494	84.91124116583198
842	0.5758508352627022	29	14545.7708	84.91176908906934	84.911241165832
844	0.5758510495093056	15	14545.7762	84.91183213545706	84.91124116583202
846	0.5758509542885928	22	14545.7738	84.91180411483738	84.91124116583202
848	0.5758508326176822	33	14545.770733333332	84.91176831071902	84.91124116583202
850	0.5758505099252672	16	14545.7626	84.91167335200686	84.91124116583202
852	0.5758502560033668	22	14545.7562	84.91159863043462	84.91124116583202
854	0.5758502665834458	19	14545.756466666666	84.9116017438328	84.91124116583202
856	0.5758503512240794	32	14545.7586	84.91162665102036	84.91124116583202
858	0.5758503194838418	20	14545.7578	84.91161731082458	84.911241165832
860	0.5758501766527728	32	14545.7542	84.91157527995004	84.91124116583202
862	0.5758503194838418	24	14545.7578	84.91161731082458	84.911241165832
864	0.5758500100165258	21	14545.75	84.91152624394284	84.911241165832
866	0.5758501184623374	27	14545.752733333332	84.91155815626336	84.91124116583198
868	0.5758500761420206	17	14545.751666666666	84.91154570267416	84.911241165832
870	0.5758497798998036	22	14545.7442	84.91145852757526	84.911241165832
872	0.5758500020814664	32	14545.7498	84.91152390889524	84.911241165832
874	0.5758503353539608	29	14545.7582	84.9116219809224	84.91124116583198
876	0.575850446444792	20	14545.760999999998	84.9116546716107	84.91124116583202
878	0.5758502718734856	19	14545.756599999998	84.9116033005319	84.911241165832
880	0.5758501607826542	34	14545.753799999998	84.91157060985348	84.911241165832
882	0.575850033821704	22	14545.7506	84.91153324908586	84.91124116583198
884	0.5758495894583782	19	14545.739399999998	84.91140248646388	84.91124116583202
886	0.5758496846790908	22	14545.7418	84.91143050701726	84.911241165832
888	0.5758495973934376	27	14545.739599999998	84.91140482150982	84.91124116583198
890	0.575849980921308	30	14545.749266666666	84.9115176821018	84.91124116583202
892	0.5758500465177988	31	14545.750919999998	84.91153698516224	84.91124116583202
894	0.5758498010599618	18	14545.744733333332	84.91146475436656	84.91124116583202
896	0.575849875120516	30	14545.746599999998	84.91148654813788	84.91124116583202

Error Parameters
startMS: 1
stopMS: 1
fitSlope: 1.0014944437988782e-09
fitSlope [#/s]: 8.964425790647302e-10
fitShift: 0.5758496983510278
tEffBlock: 2.004469273743017
tEffStart: 0
tEffStop: 895
tFitStdev: 9.168986891060796e-07
blockSum: 10977
blockCnt: 448

List of B
MS	B	Peak(us)	Intensity	Mode
1	0.5758497164193284	14545.7426	23	START	ch1
2	0.5758497164193284	14545.7382	25	1-0	ch1
3	0.5758496291336752	14545.7382	25	1-0	ch1
4	0.5758495418480218	14545.742199999998	33	2-2	ch1
5	0.5758496211986158	14545.742199999998	33	2-2	ch1
6	0.5758497005492096	14545.7578	22	3-4	ch1
7	0.5758500100165258	14545.7578	22	3-4	ch1
8	0.5758503194838418	14545.7562	26	4-6	ch1
9	0.5758502877436042	14545.7562	26	4-6	ch1
10	0.5758502560033668	14545.7514	16	5-8	ch1
11	0.5758501607826542	14545.7514	16	5-8	ch1
12	0.5758500655619414	14545.753799999998	29	6-10	ch1
13	0.5758501131722978	14545.753799999998	29	6-10	ch1
14	0.5758501607826542	14545.7482	26	7-12	ch1
15	0.5758500496918226	14545.7482	26	7-12	ch1
16	0.5758499386009912	14545.7426	19	8-14	ch1
17	0.5758498275101598	14545.7426	19	8-14	ch1
18	0.5758497164193284	14545.740399999998	33	9-16	ch1
19	0.5758496727765018	14545.740399999998	33	9-16	ch1
20	0.5758496291336752	14545.737	21	10-18	ch1
21	0.5758495616856704	14545.737	21	10-18	ch1
22	0.5758494942376654	14545.731399999998	22	11-20	ch1
23	0.575849383146834	14545.731399999998	22	11-20	ch1
24	0.5758492720560028	14545.733	18	12-22	ch1
25	0.5758493037962402	14545.733	18	12-22	ch1
26	0.5758493355364778	14545.7456	17	13-24	ch1
27	0.5758495854908484	14545.7456	17	13-24	ch1
28	0.5758498354452194	14545.7554	25	14-26	ch1
29	0.5758500298541742	14545.7554	25	14-26	ch1
30	0.5758502242631292	14545.757266666666	34	15-28	ch1
31	0.5758502612934064	14545.757266666666	34	15-28	ch1
32	0.5758502983236836	14545.755	21	16-30	ch1
33	0.575850253358347	14545.755	21	16-30	ch1
34	0.5758502083930104	14545.7546	25	17-32	ch1
35	0.575850200457951	14545.7546	25	17-32	ch1
36	0.5758501925228916	14545.7578	24	18-34	ch1
37	0.5758502560033668	14545.7578	24	18-34	ch1
38	0.5758503194838418	14545.752466666666	32	19-36	ch1
39	0.57585021368305	14545.752466666666	32	19-36	ch1
40	0.5758501078822582	14545.7518	24	20-38	ch1
41	0.5758500946571592	14545.7518	24	20-38	ch1
42	0.5758500814320602	14545.762799999998	31	21-40	ch1
43	0.5758502996461934	14545.762799999998	31	21-40	ch1
44	0.5758505178603264	14545.7554	25	22-42	ch1
45	0.5758503710617278	14545.7554	25	22-42	ch1
46	0.5758502242631292	14545.750333333334	38	23-44	ch1
47	0.575850123752377	14545.750333333334	38	23-44	ch1
48	0.5758500232416246	14545.7534	13	24-46	ch1
49	0.57585008407708	14545.7534	13	24-46	ch1
50	0.5758501449125354	14545.7518	32	25-48	ch1
51	0.5758501131722978	14545.7518	32	25-48	ch1
52	0.5758500814320602	14545.749	18	26-50	ch1
53	0.5758500258866446	14545.749	18	26-50	ch1
54	0.5758499703412288	14545.7382	19	27-52	ch1
55	0.5758497560946254	14545.7382	19	27-52	ch1
56	0.5758495418480218	14545.735719999998	28	28-54	ch1
57	0.5758494926506538	14545.735719999998	28	28-54	ch1
58	0.5758494434532854	14545.742999999998	26	29-56	ch1
59	0.5758495878713662	14545.742999999998	26	29-56	ch1
60	0.575849732289447	14545.7434	22	30-58	ch1
61	0.5758497402245064	14545.7434	22	30-58	ch1
62	0.575849748159566	14545.747	29	31-60	ch1
63	0.5758498195751004	14545.747	29	31-60	ch1
64	0.575849890990635	14545.748599999998	32	32-62	ch1
65	0.5758499227308724	14545.748599999998	32	32-62	ch1
66	0.57584995447111	14545.745266666666	17	33-64	ch1
67	0.575849888345615	14545.745266666666	17	33-64	ch1
68	0.5758498222201204	14545.7366	19	34-66	ch1
69	0.5758496502938336	14545.7366	19	34-66	ch1
70	0.5758494783675468	14545.7436	27	35-68	ch1
71	0.575849617231086	14545.7436	27	35-68	ch1
72	0.5758497560946254	14545.736733333334	18	36-70	ch1
73	0.5758496198761058	14545.736733333334	18	36-70	ch1
74	0.5758494836575864	14545.75	25	37-72	ch1
75	0.575849746837056	14545.75	25	37-72	ch1
76	0.5758500100165258	14545.741266666666	20	38-74	ch1
77	0.5758498367677292	14545.741266666666	20	38-74	ch1
78	0.5758496635189326	14545.745799999998	22	39-76	ch1
79	0.5758497534496056	14545.745799999998	22	39-76	ch1
80	0.5758498433802786	14545.7334	24	40-78	ch1
81	0.5758495973934374	14545.7334	24	40-78	ch1
82	0.5758493514065966	14545.72836	28	41-80	ch1
83	0.5758492514248482	14545.72836	28	41-80	ch1
84	0.5758491514431	14545.7146	26	42-82	ch1
85	0.575848878477057	14545.7146	26	42-82	ch1
86	0.5758486055110142	14545.709799999998	22	43-84	ch1
87	0.5758485102903014	14545.709799999998	22	43-84	ch1
88	0.5758484150695886	14545.717999999998	23	44-86	ch1
89	0.5758485777383062	14545.717999999998	23	44-86	ch1
90	0.5758487404070236	14545.7146	22	45-88	ch1
91	0.5758486729590188	14545.7146	22	45-88	ch1
92	0.575848605511014	14545.714333333334	29	46-90	ch1
93	0.5758486002209744	14545.714333333334	29	46-90	ch1
94	0.575848594930935	14545.7138	21	47-92	ch1
95	0.5758485843508558	14545.7138	21	47-92	ch1
96	0.5758485737707766	14545.7186	18	48-94	ch1
97	0.5758486689914892	14545.7186	18	48-94	ch1
98	0.5758487642122018	14545.7226	24	49-96	ch1
99	0.5758488435627956	14545.7226	24	49-96	ch1
100	0.5758489229133896	14545.725999999998	21	50-98	ch1
101	0.5758489903613944	14545.725999999998	21	50-98	ch1
102	0.5758490578093992	14545.7228	19	51-100	ch1
103	0.575848994328924	14545.7228	19	51-100	ch1
104	0.575848930848449	14545.731399999998	18	52-102	ch1
105	0.5758491014522258	14545.731399999998	18	52-102	ch1
106	0.5758492720560026	14545.728599999998	29	53-104	ch1
107	0.5758492165105868	14545.728599999998	29	53-104	ch1
108	0.5758491609651712	14545.719799999998	25	54-106	ch1
109	0.5758489863938646	14545.719799999998	25	54-106	ch1
110	0.575848811822558	14545.725533333332	29	55-108	ch1
111	0.5758489255584094	14545.725533333332	29	55-108	ch1
112	0.5758490392942606	14545.7298	22	56-110	ch1
113	0.575849123934894	14545.7298	22	56-110	ch1
114	0.5758492085755276	14545.7298	22	57-112	ch1
115	0.5758492085755276	14545.7298	22	57-112	ch1
116	0.5758492085755276	14545.732199999998	20	58-114	ch1
117	0.5758492561858838	14545.732199999998	20	58-114	ch1
118	0.5758493037962402	14545.7338	17	59-116	ch1
119	0.5758493355364778	14545.7338	17	59-116	ch1
120	0.5758493672767152	14545.729533333334	22	60-118	ch1
121	0.5758492826360818	14545.729533333334	22	60-118	ch1
122	0.5758491979954484	14545.71604	25	61-120	ch1
123	0.575848930319445	14545.71604	25	61-120	ch1
124	0.5758486626434416	14545.713	16	62-122	ch1
125	0.5758486023369902	14545.713	16	62-122	ch1
126	0.575848542030539	14545.724999999998	23	63-124	ch1
127	0.5758487800823206	14545.724999999998	23	63-124	ch1
128	0.5758490181341022	14545.7298	21	64-126	ch1
129	0.5758491133548148	14545.7298	21	64-126	ch1
130	0.5758492085755276	14545.7246	17	65-128	ch1
131	0.5758491054197554	14545.7246	17	65-128	ch1
132	0.5758490022639834	14545.7338	24	66-130	ch1
133	0.5758491847703494	14545.7338	24	66-130	ch1
134	0.5758493672767154	14545.739133333332	24	67-132	ch1
135	0.5758494730775072	14545.739133333332	24	67-132	ch1
136	0.575849578878299	14545.7338	26	68-134	ch1
137	0.575849473077507	14545.7338	26	68-134	ch1
138	0.5758493672767154	14545.731057142858	28	69-136	ch1
139	0.5758493128648796	14545.731057142858	28	69-136	ch1
140	0.5758492584530438	14545.7274	22	70-138	ch1
141	0.5758491859039292	14545.7274	22	70-138	ch1
142	0.5758491133548148	14545.723399999998	20	71-140	ch1
143	0.575849034004221	14545.723399999998	20	71-140	ch1
144	0.5758489546536272	14545.717799999998	30	72-142	ch1
145	0.5758488435627956	14545.717799999998	30	72-142	ch1
146	0.5758487324719642	14545.71796	23	73-144	ch1
147	0.575848735645988	14545.71796	23	73-144	ch1
148	0.5758487388200118	14545.723	25	74-146	ch1
149	0.57584883880176	14545.723	25	74-146	ch1
150	0.5758489387835084	14545.7194	28	75-148	ch1
151	0.5758488673679738	14545.7194	28	75-148	ch1
152	0.5758487959524394	14545.7258	28	76-150	ch1
153	0.5758489229133896	14545.7258	28	76-150	ch1
154	0.5758490498743398	14545.724199999998	28	77-152	ch1
155	0.5758490181341022	14545.724199999998	28	77-152	ch1
156	0.5758489863938646	14545.7212	31	78-154	ch1
157	0.5758489268809194	14545.7212	31	78-154	ch1
158	0.575848867367974	14545.730599999998	24	79-156	ch1
159	0.5758490538418696	14545.730599999998	24	79-156	ch1
160	0.575849240315765	14545.729533333334	28	80-158	ch1
161	0.5758492191556066	14545.729533333334	28	80-158	ch1
162	0.5758491979954484	14545.7293	27	81-160	ch1
163	0.5758491933666636	14545.7293	27	81-160	ch1
164	0.575849188737879	14545.73236	29	82-162	ch1
165	0.5758492494410834	14545.73236	29	82-162	ch1
166	0.5758493101442876	14545.72292	16	83-164	ch1
167	0.5758491228768862	14545.72292	16	83-164	ch1
168	0.5758489356094846	14545.714199999998	21	84-166	ch1
169	0.57584876262519	14545.714199999998	21	84-166	ch1
170	0.5758485896408952	14545.7186	23	85-168	ch1
171	0.5758486769265486	14545.7186	23	85-168	ch1
172	0.5758487642122018	14545.71508	18	86-170	ch1
173	0.5758486943836792	14545.71508	18	86-170	ch1
174	0.5758486245551566	14545.718866666666	28	87-172	ch1
175	0.5758486996737188	14545.718866666666	28	87-172	ch1
176	0.575848774792281	14545.719799999998	27	88-174	ch1
177	0.5758487933074196	14545.719799999998	27	88-174	ch1
178	0.5758488118225582	14545.7238	27	89-176	ch1
179	0.575848891173152	14545.7238	27	89-176	ch1
180	0.575848970523746	14545.729533333334	24	90-178	ch1
181	0.5758490842595972	14545.729533333334	24	90-178	ch1
182	0.5758491979954484	14545.7264	31	91-180	ch1
183	0.5758491358374832	14545.7264	31	91-180	ch1
184	0.575849073679518	14545.718333333332	26	92-182	ch1
185	0.5758489136558202	14545.718333333332	26	92-182	ch1
186	0.5758487536321226	14545.717799999998	18	93-184	ch1
187	0.5758487430520434	14545.717799999998	18	93-184	ch1
188	0.5758487324719642	14545.7202	34	94-186	ch1
189	0.5758487800823206	14545.7202	34	94-186	ch1
190	0.575848827692677	14545.717533333332	33	95-188	ch1
191	0.575848774792281	14545.717533333332	33	95-188	ch1
192	0.5758487218918852	14545.721	26	96-190	ch1
193	0.5758487906623998	14545.721	26	96-190	ch1
194	0.5758488594329144	14545.7114	18	97-192	ch1
195	0.5758486689914892	14545.7114	18	97-192	ch1
196	0.5758484785500638	14545.7078	31	98-194	ch1
197	0.5758484071345294	14545.7078	31	98-194	ch1
198	0.575848335718995	14545.721	26	99-196	ch1
199	0.5758485975759546	14545.721	26	99-196	ch1
200	0.5758488594329144	14545.7282	23	100-198	ch1
201	0.5758490022639834	14545.7282	23	100-198	ch1
202	0.5758491450950524	14545.7274	26	101-200	ch1
203	0.5758491292249336	14545.7274	26	101-200	ch1
204	0.5758491133548148	14545.7226	20	102-202	ch1
205	0.5758490181341022	14545.7226	20	102-202	ch1
206	0.5758489229133896	14545.7298	24	103-204	ch1
207	0.5758490657444586	14545.7298	24	103-204	ch1
208	0.5758492085755276	14545.742066666666	25	104-206	ch1
209	0.5758494519173488	14545.742066666666	25	104-206	ch1
210	0.5758496952591702	14545.745799999998	25	105-208	ch1
211	0.5758497693197244	14545.745799999998	25	105-208	ch1
212	0.5758498433802786	14545.7498	20	106-210	ch1
213	0.5758499227308724	14545.7498	20	106-210	ch1
214	0.5758500020814664	14545.739399999998	25	107-212	ch1
215	0.5758497957699222	14545.739399999998	25	107-212	ch1
216	0.5758495894583782	14545.7362	30	108-214	ch1
217	0.5758495259779032	14545.7362	30	108-214	ch1
218	0.575849462497428	14545.737	20	109-216	ch1
219	0.5758494783675466	14545.737	20	109-216	ch1
220	0.5758494942376654	14545.7298	28	110-218	ch1
221	0.5758493514065964	14545.7298	28	110-218	ch1
222	0.5758492085755276	14545.727879999998	21	111-220	ch1
223	0.5758491704872424	14545.727879999998	21	111-220	ch1
224	0.5758491323989572	14545.7354	22	112-222	ch1
225	0.5758492815780738	14545.7354	22	112-222	ch1
226	0.5758494307571904	14545.7402	18	113-224	ch1
227	0.5758495259779032	14545.7402	18	113-224	ch1
228	0.5758496211986158	14545.746066666666	14	114-226	ch1
229	0.5758497375794868	14545.746066666666	14	114-226	ch1
230	0.5758498539603578	14545.744733333332	17	115-228	ch1
231	0.5758498275101598	14545.744733333332	17	115-228	ch1
232	0.5758498010599618	14545.7482	28	116-230	ch1
233	0.5758498698304766	14545.7482	28	116-230	ch1
234	0.5758499386009912	14545.7474	21	117-232	ch1
235	0.5758499227308724	14545.7474	21	117-232	ch1
236	0.5758499068607538	14545.750866666666	24	118-234	ch1
237	0.5758499756312684	14545.750866666666	24	118-234	ch1
238	0.5758500444017832	14545.7586	21	119-236	ch1
239	0.5758501978129312	14545.7586	21	119-236	ch1
240	0.5758503512240794	14545.7442	24	120-238	ch1
241	0.5758500655619414	14545.7442	24	120-238	ch1
242	0.5758497798998036	14545.755799999998	27	121-240	ch1
243	0.5758500100165258	14545.755799999998	27	121-240	ch1
244	0.575850240133248	14545.7622	31	122-242	ch1
245	0.5758503670941982	14545.7622	31	122-242	ch1
246	0.5758504940551484	14545.7706	26	123-244	ch1
247	0.5758506606913956	14545.7706	26	123-244	ch1
248	0.5758508273276426	14545.759	31	124-246	ch1
249	0.5758505972109204	14545.759	31	124-246	ch1
250	0.5758503670941982	14545.7578	22	125-248	ch1
251	0.57585034328902	14545.7578	22	125-248	ch1
252	0.5758503194838418	14545.756599999998	29	126-250	ch1
253	0.5758502956786636	14545.756599999998	29	126-250	ch1
254	0.5758502718734856	14545.760999999998	34	127-252	ch1
255	0.5758503591591388	14545.760999999998	34	127-252	ch1
256	0.575850446444792	14545.74916	26	128-254	ch1
257	0.5758502115670342	14545.74916	26	128-254	ch1
258	0.5758499766892762	14545.751933333332	26	129-256	ch1
259	0.575850031705688	14545.751933333332	26	129-256	ch1
260	0.5758500867220998	14545.7554	16	130-258	ch1
261	0.5758501554926144	14545.7554	16	130-258	ch1
262	0.5758502242631292	14545.756466666666	19	131-260	ch1
263	0.5758502454232876	14545.756466666666	19	131-260	ch1
264	0.575850266583446	14545.771799999998	21	132-262	ch1
265	0.5758505707607224	14545.771799999998	21	132-262	ch1
266	0.575850874937999	14545.773	23	133-264	ch1
267	0.5758508987431772	14545.773	23	133-264	ch1
268	0.5758509225483556	14545.768466666666	20	134-266	ch1
269	0.5758508326176824	14545.768466666666	20	134-266	ch1
270	0.5758507426870092	14545.7658	22	135-268	ch1
271	0.5758506897866132	14545.7658	22	135-268	ch1
272	0.5758506368862174	14545.7586	29	136-270	ch1
273	0.5758504940551484	14545.7586	29	136-270	ch1
274	0.5758503512240794	14545.744466666666	32	137-272	ch1
275	0.575850070851981	14545.744466666666	32	137-272	ch1
276	0.5758497904798826	14545.752199999998	25	138-274	ch1
277	0.5758499438910308	14545.752199999998	25	138-274	ch1
278	0.575850097302179	14545.7546	18	139-276	ch1
279	0.5758501449125354	14545.7546	18	139-276	ch1
280	0.5758501925228916	14545.760199999998	21	140-278	ch1
281	0.575850303613723	14545.760199999998	21	140-278	ch1
282	0.5758504147045544	14545.765533333334	25	141-280	ch1
283	0.5758505205053462	14545.765533333334	25	141-280	ch1
284	0.5758506263061384	14545.765	27	142-282	ch1
285	0.575850615726059	14545.765	27	142-282	ch1
286	0.5758506051459798	14545.7662	25	143-284	ch1
287	0.575850628951158	14545.7662	25	143-284	ch1
288	0.5758506527563362	14545.7598	21	144-286	ch1
289	0.575850525795386	14545.7598	21	144-286	ch1
290	0.5758503988344358	14545.7626	22	145-288	ch1
291	0.5758504543798514	14545.7626	22	145-288	ch1
292	0.5758505099252672	14545.7626	26	146-290	ch1
293	0.5758505099252672	14545.7626	26	146-290	ch1
294	0.5758505099252672	14545.7706	26	147-292	ch1
295	0.5758506686264548	14545.7706	26	147-292	ch1
296	0.5758508273276426	14545.7802	32	148-294	ch1
297	0.575851017769068	14545.7802	32	148-294	ch1
298	0.5758512082104932	14545.775133333332	33	149-296	ch1
299	0.575851107699741	14545.775133333332	33	149-296	ch1
300	0.5758510071889888	14545.7778	20	150-298	ch1
301	0.5758510600893848	14545.7778	20	150-298	ch1
302	0.5758511129897806	14545.775666666666	27	151-300	ch1
303	0.5758510706694638	14545.775666666666	27	151-300	ch1
304	0.5758510283491472	14545.767399999998	26	152-302	ch1
305	0.5758508643579198	14545.767399999998	26	152-302	ch1
306	0.5758507003666924	14545.758	25	153-304	ch1
307	0.5758505138927968	14545.758	25	153-304	ch1
308	0.5758503274189014	14545.7518	32	154-306	ch1
309	0.5758502044254808	14545.7518	32	154-306	ch1
310	0.5758500814320602	14545.7554	24	155-308	ch1
311	0.5758501528475948	14545.7554	24	155-308	ch1
312	0.5758502242631292	14545.756599999998	25	156-310	ch1
313	0.5758502480683074	14545.756599999998	25	156-310	ch1
314	0.5758502718734856	14545.7546	28	157-312	ch1
315	0.5758502321981886	14545.7546	28	157-312	ch1
316	0.5758501925228916	14545.7666	24	158-314	ch1
317	0.5758504305746732	14545.7666	24	158-314	ch1
318	0.5758506686264548	14545.765319999998	27	159-316	ch1
319	0.5758506432342648	14545.765319999998	27	159-316	ch1
320	0.5758506178420748	14545.760866666666	27	160-318	ch1
321	0.5758505294984136	14545.760866666666	27	160-318	ch1
322	0.5758504411547524	14545.7626	24	161-320	ch1
323	0.5758504755400098	14545.7626	24	161-320	ch1
324	0.5758505099252672	14545.758119999998	26	162-322	ch1
325	0.575850421052602	14545.758119999998	26	162-322	ch1
326	0.5758503321799366	14545.757399999998	15	163-324	ch1
327	0.5758503178968298	14545.757399999998	15	163-324	ch1
328	0.575850303613723	14545.759933333332	22	164-326	ch1
329	0.5758503538690992	14545.759933333332	22	164-326	ch1
330	0.5758504041244754	14545.757399999998	17	165-328	ch1
331	0.5758503538690992	14545.757399999998	17	165-328	ch1
332	0.575850303613723	14545.7658	22	166-330	ch1
333	0.5758504702499702	14545.7658	22	166-330	ch1
334	0.5758506368862174	14545.763	33	167-332	ch1
335	0.5758505813408016	14545.763	33	167-332	ch1
336	0.575850525795386	14545.7626	29	168-334	ch1
337	0.5758505178603266	14545.7626	29	168-334	ch1
338	0.5758505099252672	14545.757533333334	25	169-336	ch1
339	0.5758504094145148	14545.757533333334	25	169-336	ch1
340	0.5758503089037628	14545.7554	22	170-338	ch1
341	0.575850266583446	14545.7554	22	170-338	ch1
342	0.5758502242631292	14545.755079999998	22	171-340	ch1
343	0.5758502179150816	14545.755079999998	22	171-340	ch1
344	0.5758502115670342	14545.7606	31	172-342	ch1
345	0.5758503210708538	14545.7606	31	172-342	ch1
346	0.5758504305746732	14545.7658	26	173-344	ch1
347	0.5758505337304454	14545.7658	26	173-344	ch1
348	0.5758506368862174	14545.7722	22	174-346	ch1
349	0.5758507638471676	14545.7722	22	174-346	ch1
350	0.5758508908081178	14545.7642	25	175-348	ch1
351	0.57585073210693	14545.7642	25	175-348	ch1
352	0.5758505734057422	14545.7606	19	176-350	ch1
353	0.5758505019902078	14545.7606	19	176-350	ch1
354	0.5758504305746732	14545.760199999998	20	177-352	ch1
355	0.5758504226396138	14545.760199999998	20	177-352	ch1
356	0.5758504147045544	14545.763933333332	27	178-354	ch1
357	0.5758504887651088	14545.763933333332	27	178-354	ch1
358	0.575850562825663	14545.76548	20	179-356	ch1
359	0.5758505935078928	14545.76548	20	179-356	ch1
360	0.5758506241901224	14545.777	26	180-358	ch1
361	0.5758508527198328	14545.777	26	180-358	ch1
362	0.575851081249543	14545.775	32	181-360	ch1
363	0.575851041574246	14545.775	32	181-360	ch1
364	0.5758510018989492	14545.7802	22	182-362	ch1
365	0.5758511050547212	14545.7802	22	182-362	ch1
366	0.5758512082104932	14545.780733333334	32	183-364	ch1
367	0.5758512187905724	14545.780733333334	32	183-364	ch1
368	0.5758512293706518	14545.774333333332	28	184-366	ch1
369	0.5758511024097016	14545.774333333332	28	184-366	ch1
370	0.5758509754487512	14545.769133333334	27	185-368	ch1
371	0.5758508722929792	14545.769133333334	27	185-368	ch1
372	0.575850769137207	14545.765	20	186-370	ch1
373	0.5758506871415934	14545.765	20	186-370	ch1
374	0.5758506051459798	14545.7722	34	187-372	ch1
375	0.5758507479770488	14545.7722	34	187-372	ch1
376	0.5758508908081178	14545.774599999998	26	188-374	ch1
377	0.575850938418474	14545.774599999998	26	188-374	ch1
378	0.5758509860288304	14545.7722	30	189-376	ch1
379	0.575850938418474	14545.7722	30	189-376	ch1
380	0.5758508908081178	14545.770866666666	29	190-378	ch1
381	0.5758508643579198	14545.770866666666	29	190-378	ch1
382	0.5758508379077218	14545.781799999998	9	191-380	ch1
383	0.5758510547993452	14545.781799999998	9	191-380	ch1
384	0.5758512716909686	14545.786066666666	24	192-382	ch1
385	0.575851356331602	14545.786066666666	24	192-382	ch1
386	0.5758514409722354	14545.77012	26	193-384	ch1
387	0.5758511246278678	14545.77012	26	193-384	ch1
388	0.5758508082835002	14545.7658	32	194-386	ch1
389	0.5758507225848588	14545.7658	32	194-386	ch1
390	0.5758506368862174	14545.7708	21	195-388	ch1
391	0.5758507360744598	14545.7708	21	195-388	ch1
392	0.5758508352627022	14545.774599999998	27	196-390	ch1
393	0.5758509106457662	14545.774599999998	27	196-390	ch1
394	0.5758509860288304	14545.7786	18	197-392	ch1
395	0.5758510653794244	14545.7786	18	197-392	ch1
396	0.5758511447300182	14545.7762	29	198-394	ch1
397	0.575851097119662	14545.7762	29	198-394	ch1
398	0.5758510495093056	14545.769639999998	30	199-396	ch1
399	0.5758509193743316	14545.769639999998	30	199-396	ch1
400	0.5758507892393576	14545.7798	21	200-398	ch1
401	0.575850990789866	14545.7798	21	200-398	ch1
402	0.5758511923403746	14545.775933333332	32	201-400	ch1
403	0.5758511156348004	14545.775933333332	32	201-400	ch1
404	0.5758510389292262	14545.77492	23	202-402	ch1
405	0.5758510188270758	14545.77492	23	202-402	ch1
406	0.5758509987249254	14545.7666	20	203-404	ch1
407	0.5758508336756902	14545.7666	20	203-404	ch1
408	0.5758506686264548	14545.7686	23	204-406	ch1
409	0.5758507083017518	14545.7686	23	204-406	ch1
410	0.5758507479770488	14545.7686	31	205-408	ch1
411	0.5758507479770488	14545.7686	31	205-408	ch1
412	0.5758507479770488	14545.770066666666	26	206-410	ch1
413	0.5758507770722666	14545.770066666666	26	206-410	ch1
414	0.5758508061674844	14545.7744	25	207-412	ch1
415	0.5758508921306278	14545.7744	25	207-412	ch1
416	0.5758509780937712	14545.7794	28	208-414	ch1
417	0.5758510772820134	14545.7794	28	208-414	ch1
418	0.5758511764702556	14545.777199999998	25	209-416	ch1
419	0.5758511328274292	14545.777199999998	25	209-416	ch1
420	0.5758510891846026	14545.777266666666	25	210-418	ch1
421	0.5758510905071124	14545.777266666666	25	210-418	ch1
422	0.5758510918296222	14545.7794	23	211-420	ch1
423	0.575851134149939	14545.7794	23	211-420	ch1
424	0.5758511764702558	14545.7838	21	212-422	ch1
425	0.575851263755909	14545.7838	21	212-422	ch1
426	0.5758513510415622	14545.7738	30	213-424	ch1
427	0.5758511526650776	14545.7738	30	213-424	ch1
428	0.5758509542885928	14545.7706	30	214-426	ch1
429	0.5758508908081178	14545.7706	30	214-426	ch1
430	0.5758508273276426	14545.7654	23	215-428	ch1
431	0.5758507241718706	14545.7654	23	215-428	ch1
432	0.5758506210160986	14545.760199999998	25	216-430	ch1
433	0.5758505178603266	14545.760199999998	25	216-430	ch1
434	0.5758504147045544	14545.7546	20	217-432	ch1
435	0.575850303613723	14545.7546	20	217-432	ch1
436	0.5758501925228916	14545.7498	28	218-434	ch1
437	0.575850097302179	14545.7498	28	218-434	ch1
438	0.5758500020814664	14545.752999999998	24	219-436	ch1
439	0.5758500655619414	14545.752999999998	24	219-436	ch1
440	0.5758501290424166	14545.7562	28	220-438	ch1
441	0.5758501925228916	14545.7562	28	220-438	ch1
442	0.5758502560033668	14545.7506	27	221-440	ch1
443	0.5758501449125354	14545.7506	27	221-440	ch1
444	0.575850033821704	14545.7498	20	222-442	ch1
445	0.5758500179515852	14545.7498	20	222-442	ch1
446	0.5758500020814664	14545.7706	24	223-444	ch1
447	0.5758504147045544	14545.7706	24	223-444	ch1
448	0.5758508273276426	14545.7696	21	224-446	ch1
449	0.5758508074899942	14545.7696	21	224-446	ch1
450	0.5758507876523458	14545.771933333334	31	225-448	ch1
451	0.5758508339401922	14545.771933333334	31	225-448	ch1
452	0.5758508802280386	14545.7756	31	226-450	ch1
453	0.575850952966083	14545.7756	31	226-450	ch1
454	0.5758510257041274	14545.775399999998	26	227-452	ch1
455	0.5758510217365976	14545.775399999998	26	227-452	ch1
456	0.575851017769068	14545.77204	27	228-454	ch1
457	0.5758509511145692	14545.77204	27	228-454	ch1
458	0.5758508844600702	14545.764333333332	27	229-456	ch1
459	0.575850731577926	14545.764333333332	27	229-456	ch1
460	0.5758505786957818	14545.7658	28	230-458	ch1
461	0.5758506077909996	14545.7658	28	230-458	ch1
462	0.5758506368862174	14545.7654	28	231-460	ch1
463	0.575850628951158	14545.7654	28	231-460	ch1
464	0.5758506210160986	14545.767666666666	17	232-462	ch1
465	0.5758506659814352	14545.767666666666	17	232-462	ch1
466	0.5758507109467716	14545.760333333332	23	233-464	ch1
467	0.5758505654706828	14545.760333333332	23	233-464	ch1
468	0.575850419994594	14545.7598	19	234-466	ch1
469	0.5758504094145148	14545.7598	19	234-466	ch1
470	0.5758503988344358	14545.757399999998	21	235-468	ch1
471	0.5758503512240794	14545.757399999998	21	235-468	ch1
472	0.575850303613723	14545.755933333332	19	236-470	ch1
473	0.5758502745185052	14545.755933333332	19	236-470	ch1
474	0.5758502454232874	14545.757399999998	13	237-472	ch1
475	0.5758502745185052	14545.757399999998	13	237-472	ch1
476	0.575850303613723	14545.760999999998	32	238-474	ch1
477	0.5758503750292576	14545.760999999998	32	238-474	ch1
478	0.575850446444792	14545.757133333332	27	239-476	ch1
479	0.575850369739218	14545.757133333332	27	239-476	ch1
480	0.5758502930336438	14545.757	18	240-478	ch1
481	0.575850290388624	14545.757	18	240-478	ch1
482	0.5758502877436042	14545.7578	24	241-480	ch1
483	0.575850303613723	14545.7578	24	241-480	ch1
484	0.5758503194838418	14545.7626	24	242-482	ch1
485	0.5758504147045544	14545.7626	24	242-482	ch1
486	0.5758505099252672	14545.7686	24	243-484	ch1
487	0.575850628951158	14545.7686	24	243-484	ch1
488	0.5758507479770488	14545.760733333332	15	244-486	ch1
489	0.5758505919208808	14545.760733333332	15	244-486	ch1
490	0.5758504358647128	14545.757399999998	19	245-488	ch1
491	0.575850369739218	14545.757399999998	19	245-488	ch1
492	0.575850303613723	14545.760199999998	36	246-490	ch1
493	0.5758503591591388	14545.760199999998	36	246-490	ch1
494	0.5758504147045544	14545.774866666666	28	247-492	ch1
495	0.575850705656732	14545.774866666666	28	247-492	ch1
496	0.5758509966089096	14545.7706	30	248-494	ch1
497	0.5758509119682762	14545.7706	30	248-494	ch1
498	0.5758508273276426	14545.7738	28	249-496	ch1
499	0.5758508908081178	14545.7738	28	249-496	ch1
500	0.5758509542885928	14545.773533333334	28	250-498	ch1
501	0.5758509489985534	14545.773533333334	28	250-498	ch1
502	0.5758509437085138	14545.771799999998	19	251-500	ch1
503	0.5758509093232564	14545.771799999998	19	251-500	ch1
504	0.575850874937999	14545.777479999998	29	252-502	ch1
505	0.5758509876158422	14545.777479999998	29	252-502	ch1
506	0.5758511002936856	14545.769	21	253-504	ch1
507	0.5758509320704266	14545.769	21	253-504	ch1
508	0.5758507638471678	14545.7598	19	254-506	ch1
509	0.5758505813408018	14545.7598	19	254-506	ch1
510	0.5758503988344358	14545.757533333334	27	255-508	ch1
511	0.5758503538690992	14545.757533333334	27	255-508	ch1
512	0.5758503089037628	14545.760999999998	19	256-510	ch1
513	0.5758503776742774	14545.760999999998	19	256-510	ch1
514	0.575850446444792	14545.755666666666	35	257-512	ch1
515	0.5758503406440002	14545.755666666666	35	257-512	ch1
516	0.5758502348432084	14545.7636	23	258-514	ch1
517	0.5758503922218864	14545.7636	23	258-514	ch1
518	0.5758505496005642	14545.760199999998	23	259-516	ch1
519	0.5758504821525594	14545.760199999998	23	259-516	ch1
520	0.5758504147045544	14545.7546	24	260-518	ch1
521	0.575850303613723	14545.7546	24	260-518	ch1
522	0.5758501925228916	14545.7526	27	261-520	ch1
523	0.5758501528475948	14545.7526	27	261-520	ch1
524	0.5758501131722978	14545.745799999998	24	262-522	ch1
525	0.5758499782762882	14545.745799999998	24	262-522	ch1
526	0.5758498433802786	14545.753799999998	28	263-524	ch1
527	0.5758500020814664	14545.753799999998	28	263-524	ch1
528	0.5758501607826542	14545.7554	24	264-526	ch1
529	0.5758501925228916	14545.7554	24	264-526	ch1
530	0.5758502242631292	14545.755	23	265-528	ch1
531	0.5758502163280698	14545.755	23	265-528	ch1
532	0.5758502083930104	14545.760733333332	19	266-530	ch1
533	0.5758503221288616	14545.760733333332	19	266-530	ch1
534	0.5758504358647128	14545.760999999998	30	267-532	ch1
535	0.5758504411547524	14545.760999999998	30	267-532	ch1
536	0.575850446444792	14545.7594	16	268-534	ch1
537	0.5758504147045544	14545.7594	16	268-534	ch1
538	0.575850382964317	14545.7624	27	269-536	ch1
539	0.5758504424772622	14545.7624	27	269-536	ch1
540	0.5758505019902078	14545.755599999998	23	270-538	ch1
541	0.5758503670941982	14545.755599999998	23	270-538	ch1
542	0.5758502321981886	14545.7618	23	271-540	ch1
543	0.5758503551916092	14545.7618	23	271-540	ch1
544	0.5758504781850296	14545.7614	21	272-542	ch1
545	0.5758504702499702	14545.7614	21	272-542	ch1
546	0.5758504623149108	14545.763	21	273-544	ch1
547	0.5758504940551484	14545.763	21	273-544	ch1
548	0.575850525795386	14545.769	31	274-546	ch1
549	0.5758506448212768	14545.769	31	274-546	ch1
550	0.5758507638471676	14545.770279999998	24	275-548	ch1
551	0.5758507892393576	14545.770279999998	24	275-548	ch1
552	0.5758508146315476	14545.763133333332	28	276-550	ch1
553	0.5758506728584866	14545.763133333332	28	276-550	ch1
554	0.5758505310854256	14545.764	31	277-552	ch1
555	0.5758505482780542	14545.764	31	277-552	ch1
556	0.575850565470683	14545.7642	19	278-554	ch1
557	0.5758505694382126	14545.7642	19	278-554	ch1
558	0.5758505734057422	14545.7554	22	279-556	ch1
559	0.5758503988344358	14545.7554	22	279-556	ch1
560	0.5758502242631292	14545.7578	28	280-558	ch1
561	0.5758502718734856	14545.7578	28	280-558	ch1
562	0.5758503194838418	14545.751666666666	25	281-560	ch1
563	0.5758501978129312	14545.751666666666	25	281-560	ch1
564	0.5758500761420208	14545.755	25	282-562	ch1
565	0.5758501422675156	14545.755	25	282-562	ch1
566	0.5758502083930104	14545.754866666666	25	283-564	ch1
567	0.5758502057479906	14545.754866666666	25	283-564	ch1
568	0.5758502031029706	14545.7586	22	284-566	ch1
569	0.575850277163525	14545.7586	22	284-566	ch1
570	0.5758503512240794	14545.764599999998	17	285-568	ch1
571	0.5758504702499702	14545.764599999998	17	285-568	ch1
572	0.575850589275861	14545.768199999998	16	286-570	ch1
573	0.5758506606913956	14545.768199999998	16	286-570	ch1
574	0.57585073210693	14545.772466666666	31	287-572	ch1
575	0.5758508167475634	14545.772466666666	31	287-572	ch1
576	0.5758509013881968	14545.775133333332	15	288-574	ch1
577	0.5758509542885928	14545.775133333332	15	288-574	ch1
578	0.5758510071889886	14545.7714	28	289-576	ch1
579	0.5758509331284344	14545.7714	28	289-576	ch1
580	0.5758508590678802	14545.7642	20	290-578	ch1
581	0.5758507162368112	14545.7642	20	290-578	ch1
582	0.5758505734057422	14545.749666666666	33	291-580	ch1
583	0.5758502850985844	14545.749666666666	33	291-580	ch1
584	0.5758499967914266	14545.74468	32	292-582	ch1
585	0.5758498978676864	14545.74468	32	292-582	ch1
586	0.575849798943946	14545.748599999998	17	293-584	ch1
587	0.575849876707528	14545.748599999998	17	293-584	ch1
588	0.57584995447111	14545.755933333332	27	294-586	ch1
589	0.5758500999471988	14545.755933333332	27	294-586	ch1
590	0.5758502454232874	14545.7562	18	295-588	ch1
591	0.5758502507133272	14545.7562	18	295-588	ch1
592	0.5758502560033668	14545.7586	29	296-590	ch1
593	0.575850303613723	14545.7586	29	296-590	ch1
594	0.5758503512240794	14545.765	19	297-592	ch1
595	0.5758504781850296	14545.765	19	297-592	ch1
596	0.5758506051459798	14545.7606	28	298-594	ch1
597	0.5758505178603266	14545.7606	28	298-594	ch1
598	0.5758504305746732	14545.763933333332	21	299-596	ch1
599	0.5758504967001682	14545.763933333332	21	299-596	ch1
600	0.575850562825663	14545.759057142858	23	300-598	ch1
601	0.5758504660935104	14545.759057142858	23	300-598	ch1
602	0.575850369361358	14545.757	22	301-600	ch1
603	0.5758503285524812	14545.757	22	301-600	ch1
604	0.5758502877436042	14545.77044	21	302-602	ch1
605	0.5758505543615998	14545.77044	21	302-602	ch1
606	0.5758508209795952	14545.774599999998	22	303-604	ch1
607	0.5758509035042128	14545.774599999998	22	303-604	ch1
608	0.5758509860288304	14545.77012	31	304-606	ch1
609	0.5758508971561652	14545.77012	31	304-606	ch1
610	0.5758508082835002	14545.7644	25	305-608	ch1
611	0.575850694812151	14545.7644	25	305-608	ch1
612	0.5758505813408018	14545.75604	23	306-610	ch1
613	0.5758504154980604	14545.75604	23	306-610	ch1
614	0.5758502496553192	14545.7514	20	307-612	ch1
615	0.5758501576086302	14545.7514	20	307-612	ch1
616	0.5758500655619414	14545.753266666666	29	308-614	ch1
617	0.5758501025922186	14545.753266666666	29	308-614	ch1
618	0.5758501396224956	14545.767666666666	18	309-616	ch1
619	0.5758504252846336	14545.767666666666	18	309-616	ch1
620	0.5758507109467716	14545.77652	29	310-618	ch1
621	0.5758508865760862	14545.77652	29	310-618	ch1
622	0.5758510622054006	14545.7762	24	311-620	ch1
623	0.575851055857353	14545.7762	24	311-620	ch1
624	0.5758510495093054	14545.7594	16	312-622	ch1
625	0.5758507162368112	14545.7594	16	312-622	ch1
626	0.575850382964317	14545.751666666666	21	313-624	ch1
627	0.5758502295531688	14545.751666666666	21	313-624	ch1
628	0.5758500761420206	14545.74916	18	314-626	ch1
629	0.5758500264156484	14545.74916	18	314-626	ch1
630	0.5758499766892764	14545.753799999998	30	315-628	ch1
631	0.5758500687359652	14545.753799999998	30	315-628	ch1
632	0.5758501607826542	14545.753914285714	22	316-630	ch1
633	0.5758501630498138	14545.753914285714	22	316-630	ch1
634	0.5758501653169738	14545.7632	19	317-632	ch1
635	0.5758503495237096	14545.7632	19	317-632	ch1
636	0.5758505337304454	14545.773	24	318-634	ch1
637	0.5758507281394004	14545.773	24	318-634	ch1
638	0.5758509225483554	14545.77524	25	319-636	ch1
639	0.575850966984688	14545.77524	25	319-636	ch1
640	0.5758510114210206	14545.781	20	320-638	ch1
641	0.5758511256858756	14545.781	20	320-638	ch1
642	0.5758512399507308	14545.770866666666	24	321-640	ch1
643	0.5758510389292264	14545.770866666666	24	321-640	ch1
644	0.5758508379077218	14545.7594	22	322-642	ch1
645	0.5758506104360194	14545.7594	22	322-642	ch1
646	0.575850382964317	14545.757533333334	21	323-644	ch1
647	0.5758503459340398	14545.757533333334	21	323-644	ch1
648	0.5758503089037628	14545.7552	21	324-646	ch1
649	0.5758502626159162	14545.7552	21	324-646	ch1
650	0.5758502163280698	14545.76004	26	325-648	ch1
651	0.5758503123422884	14545.76004	26	325-648	ch1
652	0.575850408356507	14545.7582	19	326-650	ch1
653	0.5758503718552338	14545.7582	19	326-650	ch1
654	0.5758503353539608	14545.754066666666	30	327-652	ch1
655	0.575850253358347	14545.754066666666	30	327-652	ch1
656	0.5758501713627332	14545.7474	28	328-654	ch1
657	0.5758500391117434	14545.7474	28	328-654	ch1
658	0.5758499068607538	14545.753799999998	19	329-656	ch1
659	0.575850033821704	14545.753799999998	19	329-656	ch1
660	0.5758501607826542	14545.7506	26	330-658	ch1
661	0.575850097302179	14545.7506	26	330-658	ch1
662	0.575850033821704	14545.7532	27	331-660	ch1
663	0.57585008539959	14545.7532	27	331-660	ch1
664	0.575850136977476	14545.769199999998	25	332-662	ch1
665	0.5758504543798514	14545.769199999998	25	332-662	ch1
666	0.5758507717822268	14545.768466666666	28	333-664	ch1
667	0.575850757234618	14545.768466666666	28	333-664	ch1
668	0.5758507426870092	14545.7582	23	334-666	ch1
669	0.575850539020485	14545.7582	23	334-666	ch1
670	0.5758503353539608	14545.756466666666	23	335-668	ch1
671	0.5758503009687034	14545.756466666666	23	335-668	ch1
672	0.5758502665834458	14545.752199999998	20	336-670	ch1
673	0.5758501819428124	14545.752199999998	20	336-670	ch1
674	0.575850097302179	14545.7618	20	337-672	ch1
675	0.5758502877436042	14545.7618	20	337-672	ch1
676	0.5758504781850296	14545.759199999998	21	338-674	ch1
677	0.5758504266071436	14545.759199999998	21	338-674	ch1
678	0.5758503750292574	14545.749	33	339-676	ch1
679	0.5758501726852432	14545.749	33	339-676	ch1
680	0.5758499703412288	14545.741	22	340-678	ch1
681	0.575849811640041	14545.741	22	340-678	ch1
682	0.5758496529388534	14545.73988	24	341-680	ch1
683	0.575849630720687	14545.73988	24	341-680	ch1
684	0.5758496085025206	14545.745799999998	21	342-682	ch1
685	0.5758497259413996	14545.745799999998	21	342-682	ch1
686	0.5758498433802786	14545.73908	19	343-684	ch1
687	0.5758497100712808	14545.73908	19	343-684	ch1
688	0.5758495767622832	14545.749533333332	32	344-686	ch1
689	0.5758497841318352	14545.749533333332	32	344-686	ch1
690	0.575849991501387	14545.7634	19	345-688	ch1
691	0.5758502665834458	14545.7634	19	345-688	ch1
692	0.5758505416655046	14545.760999999998	22	346-690	ch1
693	0.5758504940551484	14545.760999999998	22	346-690	ch1
694	0.575850446444792	14545.7578	24	347-692	ch1
695	0.575850382964317	14545.7578	24	347-692	ch1
696	0.5758503194838418	14545.7442	18	348-694	ch1
697	0.5758500496918226	14545.7442	18	348-694	ch1
698	0.5758497798998036	14545.7402	28	349-696	ch1
699	0.5758497005492096	14545.7402	28	349-696	ch1
700	0.5758496211986158	14545.7576	41	350-698	ch1
701	0.5758499663736992	14545.7576	41	350-698	ch1
702	0.5758503115487824	14545.763133333332	33	351-700	ch1
703	0.575850421317104	14545.763133333332	33	351-700	ch1
704	0.5758505310854254	14545.7614	31	352-702	ch1
705	0.5758504967001682	14545.7614	31	352-702	ch1
706	0.5758504623149108	14545.759628571428	32	353-704	ch1
707	0.5758504271739334	14545.759628571428	32	353-704	ch1
708	0.5758503920329562	14545.777	29	354-706	ch1
709	0.5758507366412496	14545.777	29	354-706	ch1
710	0.5758510812495432	14545.768199999998	22	355-708	ch1
711	0.5758509066782366	14545.768199999998	22	355-708	ch1
712	0.57585073210693	14545.7576	29	356-710	ch1
713	0.5758505218278562	14545.7576	29	356-710	ch1
714	0.5758503115487824	14545.764333333332	39	357-712	ch1
715	0.5758504451222822	14545.764333333332	39	357-712	ch1
716	0.5758505786957818	14545.7714	33	358-714	ch1
717	0.575850718881831	14545.7714	33	358-714	ch1
718	0.5758508590678802	14545.7722	26	359-716	ch1
719	0.575850874937999	14545.7722	26	359-716	ch1
720	0.5758508908081178	14545.7694	21	360-718	ch1
721	0.575850835262702	14545.7694	21	360-718	ch1
722	0.5758507797172864	14545.7686	23	361-720	ch1
723	0.5758507638471676	14545.7686	23	361-720	ch1
724	0.5758507479770488	14545.7666	26	362-722	ch1
725	0.5758507083017518	14545.7666	26	362-722	ch1
726	0.5758506686264548	14545.7706	24	363-724	ch1
727	0.5758507479770488	14545.7706	24	363-724	ch1
728	0.5758508273276426	14545.7722	22	364-726	ch1
729	0.5758508590678802	14545.7722	22	364-726	ch1
730	0.5758508908081178	14545.7726	37	365-728	ch1
731	0.5758508987431772	14545.7726	37	365-728	ch1
732	0.5758509066782368	14545.7554	26	366-730	ch1
733	0.575850565470683	14545.7554	26	366-730	ch1
734	0.5758502242631292	14545.754439999998	29	367-732	ch1
735	0.5758502052189866	14545.754439999998	29	367-732	ch1
736	0.575850186174844	14545.7636	37	368-734	ch1
737	0.5758503678877042	14545.7636	37	368-734	ch1
738	0.5758505496005642	14545.7702	23	369-736	ch1
739	0.575850680529044	14545.7702	23	369-736	ch1
740	0.5758508114575238	14545.7582	27	370-738	ch1
741	0.5758505734057422	14545.7582	27	370-738	ch1
742	0.5758503353539606	14545.7506	21	371-740	ch1
743	0.5758501845878322	14545.7506	21	371-740	ch1
744	0.575850033821704	14545.7546	22	372-742	ch1
745	0.5758501131722978	14545.7546	22	372-742	ch1
746	0.5758501925228916	14545.7542	21	373-744	ch1
747	0.5758501845878322	14545.7542	21	373-744	ch1
748	0.5758501766527728	14545.751	19	374-746	ch1
749	0.5758501131722978	14545.751	19	374-746	ch1
750	0.5758500496918226	14545.7562	22	375-748	ch1
751	0.5758501528475948	14545.7562	22	375-748	ch1
752	0.5758502560033668	14545.751133333334	25	376-750	ch1
753	0.5758501554926144	14545.751133333334	25	376-750	ch1
754	0.5758500549818622	14545.748599999998	31	377-752	ch1
755	0.575850004726486	14545.748599999998	31	377-752	ch1
756	0.57584995447111	14545.757533333334	27	378-754	ch1
757	0.5758501316874364	14545.757533333334	27	378-754	ch1
758	0.5758503089037626	14545.752199999998	18	379-756	ch1
759	0.5758502031029708	14545.752199999998	18	379-756	ch1
760	0.575850097302179	14545.7426	26	380-758	ch1
761	0.5758499068607538	14545.7426	26	380-758	ch1
762	0.5758497164193284	14545.7382	21	381-760	ch1
763	0.5758496291336752	14545.7382	21	381-760	ch1
764	0.5758495418480218	14545.738599999998	16	382-762	ch1
765	0.5758495497830812	14545.738599999998	16	382-762	ch1
766	0.5758495577181406	14545.749533333332	19	383-764	ch1
767	0.5758497746097638	14545.749533333332	19	383-764	ch1
768	0.575849991501387	14545.752999999998	22	384-766	ch1
769	0.5758500602719018	14545.752999999998	22	384-766	ch1
770	0.5758501290424164	14545.751666666666	21	385-768	ch1
771	0.5758501025922186	14545.751666666666	21	385-768	ch1
772	0.5758500761420204	14545.7594	24	386-770	ch1
773	0.5758502295531688	14545.7594	24	386-770	ch1
774	0.575850382964317	14545.7618	17	387-772	ch1
775	0.5758504305746732	14545.7618	17	387-772	ch1
776	0.5758504781850296	14545.7618	27	388-774	ch1
777	0.5758504781850296	14545.7618	27	388-774	ch1
778	0.5758504781850296	14545.752999999998	16	389-776	ch1
779	0.575850303613723	14545.752999999998	16	389-776	ch1
780	0.5758501290424166	14545.7474	25	390-778	ch1
781	0.5758500179515852	14545.7474	25	390-778	ch1
782	0.5758499068607538	14545.749399999998	32	391-780	ch1
783	0.5758499465360506	14545.749399999998	32	391-780	ch1
784	0.5758499862113476	14545.7534	28	392-782	ch1
785	0.5758500655619414	14545.7534	28	392-782	ch1
786	0.5758501449125354	14545.7446	23	393-784	ch1
787	0.5758499703412288	14545.7446	23	393-784	ch1
788	0.5758497957699222	14545.7442	26	394-786	ch1
789	0.5758497878348628	14545.7442	26	394-786	ch1
790	0.5758497798998036	14545.755133333332	18	395-788	ch1
791	0.5758499967914268	14545.755133333332	18	395-788	ch1
792	0.57585021368305	14545.7598	20	396-790	ch1
793	0.5758503062587428	14545.7598	20	396-790	ch1
794	0.5758503988344358	14545.754333333332	29	397-792	ch1
795	0.575850290388624	14545.754333333332	29	397-792	ch1
796	0.5758501819428124	14545.752999999998	25	398-794	ch1
797	0.5758501554926144	14545.752999999998	25	398-794	ch1
798	0.5758501290424166	14545.7542	21	399-796	ch1
799	0.5758501528475948	14545.7542	21	399-796	ch1
800	0.5758501766527728	14545.747171428572	28	400-798	ch1
801	0.5758500372224436	14545.747171428572	28	400-798	ch1
802	0.5758498977921144	14545.758399999998	29	401-800	ch1
803	0.5758501205405672	14545.758399999998	29	401-800	ch1
804	0.57585034328902	14545.75172	30	402-802	ch1
805	0.5758502107735282	14545.75172	30	402-802	ch1
806	0.5758500782580366	14545.7434	22	403-804	ch1
807	0.5758499132088012	14545.7434	22	403-804	ch1
808	0.575849748159566	14545.7426	31	404-806	ch1
809	0.5758497322894472	14545.7426	31	404-806	ch1
810	0.5758497164193284	14545.7534	21	405-808	ch1
811	0.5758499306659318	14545.7534	21	405-808	ch1
812	0.5758501449125354	14545.7562	26	406-810	ch1
813	0.575850200457951	14545.7562	26	406-810	ch1
814	0.5758502560033668	14545.754866666666	27	407-812	ch1
815	0.5758502295531688	14545.754866666666	27	407-812	ch1
816	0.575850203102971	14545.7462	17	408-814	ch1
817	0.5758500311766842	14545.7462	17	408-814	ch1
818	0.5758498592503974	14545.751514285714	32	409-816	ch1
819	0.5758499646733292	14545.751514285714	32	409-816	ch1
820	0.575850070096261	14545.7518	25	410-818	ch1
821	0.5758500757641606	14545.7518	25	410-818	ch1
822	0.5758500814320602	14545.750399999998	21	411-820	ch1
823	0.5758500536593524	14545.750399999998	21	411-820	ch1
824	0.5758500258866446	14545.753266666666	22	412-822	ch1
825	0.5758500827545702	14545.753266666666	22	412-822	ch1
826	0.5758501396224958	14545.744999999998	21	413-824	ch1
827	0.5758499756312684	14545.744999999998	21	413-824	ch1
828	0.575849811640041	14545.7374	20	414-826	ch1
829	0.5758496608739126	14545.7374	20	414-826	ch1
830	0.5758495101077844	14545.746599999998	26	415-828	ch1
831	0.5758496926141502	14545.746599999998	26	415-828	ch1
832	0.575849875120516	14545.750399999998	37	416-830	ch1
833	0.5758499505035802	14545.750399999998	37	416-830	ch1
834	0.5758500258866444	14545.7626	21	417-832	ch1
835	0.5758502679059558	14545.7626	21	417-832	ch1
836	0.5758505099252672	14545.76292	34	418-834	ch1
837	0.5758505162733146	14545.76292	34	418-834	ch1
838	0.5758505226213622	14545.7698	27	419-836	ch1
839	0.5758506591043836	14545.7698	27	419-836	ch1
840	0.5758507955874054	14545.7708	29	420-838	ch1
841	0.5758508154250538	14545.7708	29	420-838	ch1
842	0.5758508352627022	14545.7762	15	421-840	ch1
843	0.5758509423860038	14545.7762	15	421-840	ch1
844	0.5758510495093054	14545.7738	22	422-842	ch1
845	0.5758510018989492	14545.7738	22	422-842	ch1
846	0.5758509542885928	14545.770733333332	33	423-844	ch1
847	0.5758508934531376	14545.770733333332	33	423-844	ch1
848	0.5758508326176822	14545.7626	16	424-846	ch1
849	0.5758506712714746	14545.7626	16	424-846	ch1
850	0.5758505099252672	14545.7562	22	425-848	ch1
851	0.575850382964317	14545.7562	22	425-848	ch1
852	0.5758502560033668	14545.756466666666	19	426-850	ch1
853	0.5758502612934062	14545.756466666666	19	426-850	ch1
854	0.575850266583446	14545.7586	32	427-852	ch1
855	0.5758503089037628	14545.7586	32	427-852	ch1
856	0.5758503512240794	14545.7578	20	428-854	ch1
857	0.5758503353539606	14545.7578	20	428-854	ch1
858	0.5758503194838418	14545.7542	32	429-856	ch1
859	0.5758502480683074	14545.7542	32	429-856	ch1
860	0.5758501766527728	14545.7578	24	430-858	ch1
861	0.5758502480683074	14545.7578	24	430-858	ch1
862	0.5758503194838418	14545.75	21	431-860	ch1
863	0.5758501647501838	14545.75	21	431-860	ch1
864	0.5758500100165258	14545.752733333332	27	432-862	ch1
865	0.5758500642394316	14545.752733333332	27	432-862	ch1
866	0.5758501184623374	14545.751666666666	17	433-864	ch1
867	0.575850097302179	14545.751666666666	17	433-864	ch1
868	0.5758500761420204	14545.7442	22	434-866	ch1
869	0.575849928020912	14545.7442	22	434-866	ch1
870	0.5758497798998036	14545.7498	32	435-868	ch1
871	0.575849890990635	14545.7498	32	435-868	ch1
872	0.5758500020814664	14545.7582	29	436-870	ch1
873	0.5758501687177136	14545.7582	29	436-870	ch1
874	0.5758503353539606	14545.760999999998	20	437-872	ch1
875	0.5758503908993764	14545.760999999998	20	437-872	ch1
876	0.575850446444792	14545.756599999998	19	438-874	ch1
877	0.5758503591591388	14545.756599999998	19	438-874	ch1
878	0.5758502718734856	14545.753799999998	34	439-876	ch1
879	0.5758502163280698	14545.753799999998	34	439-876	ch1
880	0.5758501607826542	14545.7506	22	440-878	ch1
881	0.575850097302179	14545.7506	22	440-878	ch1
882	0.575850033821704	14545.739399999998	19	441-880	ch1
883	0.575849811640041	14545.739399999998	19	441-880	ch1
884	0.5758495894583782	14545.7418	22	442-882	ch1
885	0.5758496370687346	14545.7418	22	442-882	ch1
886	0.5758496846790908	14545.739599999998	27	443-884	ch1
887	0.5758496410362642	14545.739599999998	27	443-884	ch1
888	0.5758495973934376	14545.749266666666	30	444-886	ch1
889	0.5758497891573728	14545.749266666666	30	444-886	ch1
890	0.575849980921308	14545.750919999998	31	445-888	ch1
891	0.5758500137195534	14545.750919999998	31	445-888	ch1
892	0.575850046517799	14545.744733333332	18	446-890	ch1
893	0.5758499237888804	14545.744733333332	18	446-890	ch1
894	0.5758498010599618	14545.746599999998	30	447-892	ch1
895	0.575849838090239	14545.746599999998	30	447-892	ch1
895	0.575849875120516	14545.746599999998	30	END	ch1
896	0.575849875120516	14545.746599999998	30	END	ch1
