Multi MS Window Export

Acqusition Time: 20.12.2020 / 14:23:51
Number of Spectra: 896
Min Mass: 75.8429164434135 m/z
Max Mass: 76.0396640077344 m/z
Number of Accumulations: 30
Interscandelay: 100
Time Multiplicity: 2
Overflow Number: 0
Calibration-B: 0.575849041251
Time Step: 0.0016
comment:
14:38: MS 450 RT window adjusted from 9.97 to 9.975 because 76Rb went up

Clipped at MS105 when beam merging turned on.


Target:	MS "MS 1 - 896 t-res ni=1067.13"
m/z	->	N
75.9318189211152	2
75.93183562758148	0
75.9318523340496	0
75.93186904051956	0
75.93188574699136	0
75.931902453465	0
75.93191915994046	1
75.9319358664178	0
75.93195257289694	0
75.93196927937792	0
75.93198598586076	1
75.93200269234542	0
75.9320193988319	2
75.93203610532024	0
75.93205281181042	0
75.93206951830244	0
75.93208622479628	0
75.93210293129198	2
75.9321196377895	1
75.93213634428886	0
75.93215305079008	0
75.93216975729312	0
75.932186463798	0
75.93220317030472	0
75.93221987681328	0
75.93223658332368	0
75.9322532898359	1
75.93226999634998	0
75.93228670286588	1
75.93230340938362	1
75.93232011590322	0
75.93233682242464	2
75.9323535289479	0
75.932370235473	0
75.93238694199992	0
75.9324036485287	1
75.9324203550593	0
75.93243706159174	1
75.93245376812604	0
75.93247047466216	1
75.93248718120012	0
75.93250388773994	0
75.93252059428156	0
75.93253730082504	0
75.93255400737034	1
75.9325707139175	1
75.9325874204665	0
75.93260412701732	0
75.93262083356998	0
75.9326375401245	0
75.93265424668084	1
75.93267095323898	1
75.932687659799	1
75.93270436636086	0
75.93272107292456	0
75.93273777949008	1
75.93275448605746	1
75.93277119262666	1
75.93278789919772	0
75.93280460577058	0
75.9328213123453	0
75.93283801892186	1
75.93285472550026	0
75.9328714320805	2
75.93288813866256	1
75.93290484524648	0
75.93292155183222	0
75.9329382584198	1
75.93295496500922	1
75.93297167160048	1
75.93298837819358	0
75.93300508478852	0
75.9330217913853	0
75.9330384979839	0
75.93305520458436	0
75.93307191118664	0
75.93308861779076	0
75.93310532439674	1
75.93312203100454	2
75.93313873761418	0
75.93315544422566	1
75.93317215083896	2
75.93318885745412	0
75.9332055640711	2
75.93322227068994	1
75.9332389773106	1
75.9332556839331	4
75.93327239055746	1
75.93328909718362	2
75.93330580381166	2
75.9333225104415	0
75.93333921707318	1
75.93335592370672	2
75.93337263034208	3
75.9333893369793	1
75.93340604361834	0
75.93342275025922	2
75.93343945690194	2
75.9334561635465	4
75.9334728701929	0
75.93348957684114	1
75.9335062834912	5
75.9335229901431	2
75.93353969679686	1
75.93355640345244	5
75.93357311010986	1
75.93358981676914	5
75.93360652343024	5
75.93362323009316	1
75.93363993675794	5
75.93365664342456	5
75.933673350093	3
75.9336900567633	2
75.93370676343542	2
75.93372347010938	5
75.93374017678518	8
75.93375688346282	6
75.93377359014232	5
75.93379029682362	2
75.93380700350678	4
75.93382371019176	8
75.9338404168786	8
75.93385712356726	5
75.93387383025778	6
75.93389053695012	6
75.9339072436443	5
75.93392395034032	11
75.93394065703816	8
75.93395736373786	3
75.93397407043938	13
75.93399077714276	13
75.93400748384796	14
75.93402419055502	12
75.9340408972639	16
75.93405760397462	12
75.93407431068718	17
75.93409101740158	13
75.93410772411782	17
75.93412443083588	17
75.9341411375558	17
75.93415784427754	25
75.93417455100114	20
75.93419125772656	23
75.93420796445382	40
75.93422467118292	40
75.93424137791386	43
75.93425808464664	58
75.93427479138124	63
75.9342914981177	75
75.934308204856	88
75.93432491159612	93
75.93434161833808	109
75.9343583250819	145
75.93437503182754	193
75.93439173857502	258
75.93440844532432	405
75.93442515207548	463
75.93444185882848	621
75.93445856558332	802
75.93447527233998	873
75.93449197909848	1004
75.93450868585884	1135
75.93452539262102	1128
75.93454209938504	1038
75.9345588061509	913
75.93457551291858	852
75.93459221968812	704
75.9346089264595	590
75.93462563323268	420
75.93464234000774	358
75.93465904678462	243
75.93467575356334	174
75.9346924603439	143
75.9347091671263	115
75.93472587391054	93
75.93474258069662	78
75.93475928748452	53
75.93477599427428	60
75.93479270106586	60
75.9348094078593	34
75.93482611465456	35
75.93484282145166	29
75.9348595282506	25
75.93487623505138	20
75.934892941854	16
75.93490964865846	15
75.93492635546474	11
75.93494306227286	19
75.93495976908284	12
75.93497647589464	17
75.93499318270828	10
75.93500988952378	15
75.93502659634108	14
75.93504330316024	3
75.93506000998124	7
75.93507671680406	6
75.93509342362874	5
75.93511013045524	5
75.9351268372836	9
75.93514354411378	2
75.9351602509458	9
75.93517695777966	3
75.93519366461536	2
75.93521037145288	2
75.93522707829226	0
75.93524378513348	3
75.93526049197652	3
75.93527719882142	1
75.93529390566812	2
75.93531061251668	2
75.93532731936708	2
75.93534402621932	3
75.9353607330734	1
75.93537743992932	1
75.93539414678706	1
75.93541085364664	0
75.93542756050808	1
75.93544426737134	0
75.93546097423646	1
75.9354776811034	2
75.93549438797218	1
75.93551109484278	0
75.93552780171524	0
75.93554450858954	1
75.93556121546568	0
75.93557792234364	0
75.93559462922344	3
75.93561133610508	1
75.93562804298858	3
75.9356447498739	0
75.93566145676104	0
75.93567816365004	0
75.93569487054088	1
75.93571157743354	1
75.93572828432806	1
75.9357449912244	2
75.9357616981226	2
75.9357784050226	1
75.93579511192446	0
75.93581181882818	0
75.9358285257337	2
75.93584523264108	1
75.9358619395503	0
75.93587864646134	0
75.93589535337422	0
75.93591206028896	0
75.93592876720552	1
75.9359454741239	0
75.93596218104416	1
75.93597888796622	1
75.93599559489014	0
75.9360123018159	0
75.93602900874348	1
75.9360457156729	0
75.93606242260418	0
75.93607912953728	2
75.93609583647222	0
75.93611254340902	0
75.93612925034762	2
75.93614595728808	0
75.93616266423038	1
75.9361793711745	0
75.93619607812048	0
75.93621278506828	0
75.93622949201794	0
75.93624619896942	0
75.93626290592274	0
75.9362796128779	0
75.9362963198349	0
75.93631302679374	0
75.9363297337544	0
75.9363464407169	0
75.93636314768126	1
75.93637985464744	0
75.93639656161548	0
75.93641326858534	0
75.93642997555704	0
75.93644668253058	0
75.93646338950596	1
75.93648009648316	0
75.93649680346222	2
75.9365135104431	0
75.93653021742584	0
75.9365469244104	1
75.9365636313968	0
75.93658033838504	0
75.9365970453751	1
75.93661375236702	0
75.93663045936078	0
75.93664716635638	0
75.9366638733538	1
75.93668058035306	0
75.93669728735416	0
75.93671399435712	0
75.9367307013619	1
75.9367474083685	0
75.93676411537696	0
75.93678082238726	0
75.9367975293994	0
75.93681423641338	0
75.93683094342918	1
75.93684765044682	0
75.93686435746632	1
75.93688106448762	0
75.9368977715108	0
75.93691447853578	1
75.93693118556264	0
75.9369478925913	0
75.9369645996218	1
75.93698130665416	0
75.93699801368836	0
75.93701472072438	0
75.93703142776224	0
75.93704813480194	0
75.93706484184348	0
75.93708154888686	0
75.93709825593208	0
75.93711496297912	0
75.93713167002802	0
75.93714837707874	1
75.93716508413132	0
75.93718179118572	0
75.93719849824196	0
75.93721520530004	0
75.93723191235996	0
75.9372486194217	0
75.9372653264853	1
75.93728203355072	0
75.937298740618	0
75.9373154476871	0
75.93733215475804	0
75.93734886183084	0
75.93736556890544	1
75.9373822759819	0
75.9373989830602	0
75.93741569014034	0
75.93743239722232	1
75.93744910430612	0
75.93746581139176	0
75.93748251847924	0
75.93749922556858	0
75.93751593265974	1
75.93753263975274	0
75.93754934684758	0
75.93756605394426	0
75.93758276104276	1
75.93759946814312	0
75.9376161752453	0
75.93763288234932	1
75.9376495894552	1
75.9376662965629	0
75.93768300367244	0
75.93769971078382	0
75.93771641789702	0
75.9377331250121	0
75.93774983212898	0
75.9377665392477	0
75.93778324636828	0
75.93779995349068	0
75.93781666061492	0
75.93783336774102	0
75.93785007486892	0
75.93786678199868	0
75.93788348913028	0
75.93790019626368	0
75.93791690339896	0
75.93793361053606	0
75.93795031767502	0
75.9379670248158	0
75.93798373195844	0
75.93800043910288	0
75.93801714624918	0
75.93803385339732	0
75.9380505605473	1
75.9380672676991	0
75.93808397485274	0
75.93810068200824	0
75.93811738916558	0
75.93813409632474	0
75.93815080348574	0
75.93816751064858	0
75.93818421781324	0
75.93820092497976	0
75.93821763214812	0
75.9382343393183	0
75.93825104649032	0
75.9382677536642	0
75.9382844608399	0
75.93830116801744	1
75.93831787519682	0
75.93833458237804	0
75.9383512895611	0
75.93836799674598	0
75.93838470393272	1
75.9384014111213	0
75.9384181183117	0
75.93843482550394	0
75.93845153269802	0
75.93846823989394	0
75.9384849470917	0
75.9385016542913	0
75.93851836149274	0
75.938535068696	0
75.9385517759011	1
75.93856848310804	1
75.93858519031684	0
75.93860189752746	0
75.93861860473992	0
75.93863531195422	0
75.93865201917036	0
75.93866872638834	0
75.93868543360814	0
75.9387021408298	1
75.93871884805328	0
75.9387355552786	1
75.93875226250576	0
75.93876896973478	0
75.93878567696562	0
75.93880238419828	0
75.9388190914328	0
75.93883579866916	0
75.93885250590736	0
75.93886921314738	1
75.93888592038924	0
75.93890262763294	0
75.9389193348785	0
75.93893604212588	0
75.9389527493751	1
75.93896945662614	0
75.93898616387904	0
75.93900287113378	0
75.93901957839034	0
75.93903628564876	0
75.939052992909	0
75.93906970017108	0
75.939086407435	0
75.93910311470076	0
75.93911982196836	0
75.9391365292378	0
75.93915323650908	0
75.93916994378218	0
75.93918665105714	0
75.93920335833392	0
75.93922006561254	0
75.93923677289298	0
75.93925348017528	1
75.93927018745944	0
75.93928689474542	0
75.93930360203322	0
75.93932030932288	1
75.93933701661436	0
75.9393537239077	0
75.93937043120286	0
75.93938713849986	0
75.9394038457987	0
75.93942055309938	0
75.9394372604019	0
75.93945396770624	0
75.93947067501244	1
75.93948738232046	0
75.93950408963034	0
75.93952079694206	1
75.9395375042556	0
75.93955421157098	0
75.9395709188882	0
75.93958762620726	0
75.93960433352816	0
75.93962104085088	0
75.93963774817546	0
75.93965445550188	1
75.93967116283012	2
75.9396878701602	0
75.93970457749212	0
75.93972128482588	0
75.93973799216148	0
75.93975469949892	0
75.9397714068382	0
75.9397881141793	0
75.93980482152224	2
75.93982152886704	0
75.93983823621366	0
75.93985494356212	1
75.93987165091242	0
75.93988835826456	0
75.93990506561854	1
75.93992177297434	0
75.939938480332	0
75.9399551876915	1
75.93997189505282	0
75.93998860241598	0
75.940005309781	1
75.94002201714784	0
75.94003872451652	0
75.94005543188704	0
75.9400721392594	1
75.9400888466336	0
75.94010555400962	0
75.9401222613875	1
75.9401389687672	1
75.94015567614874	1
75.94017238353212	1
75.94018909091734	0
75.9402057983044	1
75.9402225056933	0
75.94023921308404	0
75.9402559204766	0
75.94027262787102	3
75.94028933526728	1
75.94030604266536	0
75.94032275006528	0
75.94033945746704	0
75.94035616487064	2
75.94037287227608	1
75.94038957968336	3
75.94040628709246	0
75.94042299450342	2
75.9404397019162	0
75.94045640933084	0
75.9404731167473	2
75.9404898241656	0
75.94050653158574	0
75.9405232390077	0
75.94053994643154	2
75.94055665385718	1
75.94057336128466	1
75.940590068714	1
75.94060677614518	4
75.94062348357818	4
75.94064019101302	1
75.9406568984497	2
75.94067360588822	0
75.94069031332858	0
75.94070702077078	1
75.94072372821482	1
75.94074043566068	0
75.9407571431084	3
75.94077385055794	5
75.94079055800932	2
75.94080726546254	2
75.9408239729176	3
75.9408406803745	0
75.94085738783324	3
75.94087409529382	6
75.94089080275622	2
75.94090751022048	3
75.94092421768656	3
75.94094092515448	0
75.94095763262426	6
75.94097434009586	6
75.94099104756928	11
75.94100775504458	8
75.94102446252168	16
75.94104117000064	14
75.94105787748144	29
75.94107458496406	32
75.94109129244852	44
75.94110799993482	68
75.94112470742296	92
75.94114141491296	125
75.94115812240476	151
75.9411748298984	147
75.9411915373939	188
75.94120824489124	212
75.9412249523904	160
75.9412416598914	147
75.94125836739424	128
75.94127507489894	81
75.94129178240546	68
75.94130848991382	55
75.94132519742402	53
75.94134190493604	33
75.94135861244992	36
75.94137531996564	18
75.94139202748318	23
75.94140873500256	8
75.94142544252378	9
75.94144215004684	9
75.94145885757176	6
75.9414755650985	7
75.94149227262706	4
75.94150898015748	0
75.94152568768972	3
75.94154239522382	9
75.94155910275974	2
75.94157581029752	2
75.94159251783712	9
75.94160922537854	3
75.94162593292182	3
75.94164264046694	0
75.9416593480139	1
75.94167605556268	3
75.94169276311332	2
75.94170947066578	1
75.9417261782201	2
75.94174288577624	0
75.94175959333422	0
75.94177630089404	1
75.9417930084557	1
75.94180971601918	0
75.9418264235845	0
75.94184313115168	1
75.94185983872068	2
75.94187654629152	1
75.94189325386422	0
75.94190996143874	1
75.9419266690151	0
75.9419433765933	2
75.94196008417334	0
75.9419767917552	1
75.94199349933892	0
75.94201020692446	1
75.94202691451184	0
75.94204362210108	0
75.94206032969214	0
75.94207703728504	0
75.94209374487978	1
75.94211045247636	1
75.94212716007476	1
75.94214386767502	0
75.94216057527712	0
75.94217728288104	0
75.9421939904868	0
75.94221069809442	0
75.94222740570386	1
75.94224411331514	0
75.94226082092824	0
75.9422775285432	0
75.94229423616	0
75.94231094377862	0
75.9423276513991	0
75.9423443590214	0
75.94236106664556	0
75.94237777427154	0
75.94239448189936	0
75.94241118952902	0
75.9424278971605	0
75.94244460479384	0
75.942461312429	0
75.94247802006602	0
75.94249472770486	0
75.94251143534554	0
75.94252814298808	1
75.94254485063242	0
75.94256155827864	0
75.94257826592666	0
75.94259497357654	1
75.94261168122824	0
75.9426283888818	0
75.9426450965372	0
75.94266180419442	0
75.94267851185348	0
75.94269521951438	0
75.94271192717712	0
75.9427286348417	1
75.94274534250812	0
75.94276205017638	1
75.94277875784646	0
75.9427954655184	0
75.94281217319216	0
75.94282888086776	1
75.9428455885452	0
75.94286229622448	0
75.9428790039056	0
75.94289571158856	1
75.94291241927336	0
75.94292912695998	0
75.94294583464846	0
75.94296254233876	0
75.9429792500309	0
75.9429959577249	0
75.94301266542072	0
75.94302937311838	0
75.94304608081788	0
75.94306278851922	1
75.94307949622238	0
75.9430962039274	0
75.94311291163424	0
75.94312961934294	1
75.94314632705344	0
75.9431630347658	1
75.94317974248	0
75.94319645019604	0
75.94321315791392	0
75.94322986563364	0
75.94324657335518	0
75.94326328107858	0
75.9432799888038	0
75.94329669653088	0
75.94331340425978	0
75.94333011199052	0
75.9433468197231	0
75.94336352745752	0
75.94338023519376	0
75.94339694293186	0
75.9434136506718	0
75.94343035841356	0
75.94344706615716	0
75.94346377390262	0
75.9434804816499	0
75.943497189399	0
75.94351389714996	0
75.94353060490276	1
75.9435473126574	0
75.94356402041386	0
75.94358072817218	0
75.94359743593232	1
75.9436141436943	0
75.94363085145812	1
75.9436475592238	0
75.9436642669913	0
75.94368097476062	0
75.9436976825318	0
75.94371439030482	0
75.94373109807968	0
75.94374780585636	0
75.94376451363488	0
75.94378122141524	0
75.94379792919744	1
75.94381463698146	0
75.94383134476736	0
75.94384805255506	1
75.94386476034462	0
75.943881468136	2
75.94389817592924	0
75.9439148837243	2
75.94393159152122	0
75.94394829931994	0
75.94396500712054	0
75.94398171492294	0
75.9439984227272	0
75.9440151305333	0
75.94403183834124	0
75.944048546151	0
75.94406525396262	0
75.94408196177606	0
75.94409866959134	0
75.94411537740846	0
75.94413208522742	1
75.94414879304822	0
75.94416550087084	0
75.94418220869532	1
75.94419891652164	0
75.94421562434978	1
75.94423233217978	0
75.94424904001158	0
75.94426574784526	0
75.94428245568076	0
75.94429916351808	0
75.94431587135726	0
75.94433257919828	0
75.94434928704114	0
75.94436599488582	1
75.94438270273234	2
75.94439941058072	0
75.94441611843092	1
75.94443282628296	2
75.94444953413682	0
75.94446624199254	1
75.94448294985008	0
75.9444996577095	0
75.94451636557072	0
75.94453307343378	0
75.9445497812987	1
75.94456648916542	2
75.94458319703402	0
75.94459990490444	0
75.94461661277668	2
75.94463332065078	1
75.94465002852672	1
75.9446667364045	0
75.9446834442841	0
75.94470015216554	0
75.94471686004884	1
75.94473356793396	2
75.94475027582092	0
75.94476698370972	0
75.94478369160036	2
75.94480039949282	0
75.94481710738714	1
75.94483381528328	0
75.94485052318128	0
75.9448672310811	0
75.94488393898276	2
75.94490064688626	0
75.9449173547916	0
75.94493406269878	0
75.9449507706078	1
75.94496747851866	1
75.94498418643134	1
75.94500089434588	1
75.94501760226224	0
75.94503431018044	4
75.94505101810048	1
75.94506772602236	0
75.94508443394608	0
75.94510114187162	0
75.945117849799	2
75.94513455772824	0
75.94515126565932	1
75.94516797359222	1
75.94518468152696	0
75.94520138946356	0
75.94521809740196	4
75.94523480534222	1
75.94525151328432	2
75.94526822122826	3
75.94528492917402	2
75.94530163712164	0
75.9453183450711	1
75.94533505302238	1
75.9453517609755	2
75.94536846893046	0
75.94538517688726	0
75.9454018848459	1
75.94541859280636	2
75.94543530076868	2
75.94545200873284	0
75.94546871669884	4
75.94548542466664	4
75.94550213263632	3
75.94551884060782	2
75.94553554858116	3
75.94555225655634	1
75.94556896453336	3
75.94558567251222	4
75.9456023804929	4
75.94561908847542	3
75.9456357964598	4
75.945652504446	4
75.94566921243404	2
75.94568592042394	6
75.94570262841566	2
75.9457193364092	9
75.9457360444046	5
75.94575275240182	6
75.94576946040088	2
75.9457861684018	2
75.94580287640454	8
75.94581958440912	8
75.94583629241556	13
75.94585300042382	10
75.9458697084339	10
75.94588641644584	15
75.94590312445962	17
75.94591983247524	15
75.94593654049268	17
75.94595324851196	12
75.9459699565331	20
75.94598666455606	16
75.94600337258086	18
75.94602008060748	35
75.94603678863596	23
75.94605349666628	20
75.94607020469844	30
75.94608691273244	36
75.94610362076826	39
75.94612032880592	64
75.94613703684542	75
75.94615374488676	61
75.94617045292994	138
75.94618716097496	183
75.94620386902182	255
75.94622057707052	342
75.94623728512104	483
75.94625399317342	556
75.94627070122762	681
75.94628740928366	810
75.94630411734154	895
75.94632082540126	1089
75.94633753346282	858
75.94635424152622	783
75.94637094959146	663
75.94638765765852	489
75.94640436572744	382
75.94642107379816	305
75.94643778187076	219
75.94645448994518	187
75.94647119802144	145
75.94648790609954	116
75.94650461417948	92
75.94652132226126	84
75.94653803034486	77
75.94655473843032	49
75.9465714465176	36
75.94658815460674	39
75.94660486269768	33
75.94662157079048	31
75.94663827888514	36
75.94665498698162	24
75.94667169507994	26
75.94668840318008	13
75.94670511128208	16
75.9467218193859	19
75.94673852749156	15
75.94675523559908	12
75.94677194370842	11
75.9467886518196	17
75.94680535993262	11
75.94682206804748	6
75.94683877616418	11
75.9468554842827	18
75.94687219240306	5
75.94688890052528	4
75.94690560864932	3
75.9469223167752	1
75.94693902490294	6
75.94695573303248	2
75.94697244116388	5
75.94698914929712	6
75.9470058574322	2
75.9470225655691	4
75.94703927370786	3
75.94705598184844	3
75.94707268999086	3
75.94708939813512	5
75.94710610628122	4
75.94712281442916	1
75.94713952257892	2
75.94715623073054	4
75.947172938884	6
75.94718964703928	2
75.94720635519642	1
75.94722306335538	0
75.94723977151618	1
75.94725647967882	0
75.9472731878433	0
75.94728989600962	3
75.94730660417778	1
75.94732331234776	0
75.9473400205196	1
75.94735672869326	2
75.94737343686878	2
75.94739014504612	1
75.9474068532253	0
75.94742356140632	4
75.94744026958918	0
75.94745697777388	0
75.9474736859604	0
75.94749039414878	1
75.947507102339	1
75.94752381053104	0
75.94754051872492	0
75.94755722692064	0
75.9475739351182	0
75.9475906433176	0
75.94760735151884	0
75.94762405972192	0
75.94764076792684	0
75.94765747613358	1
75.94767418434216	2
75.9476908925526	1
75.94770760076486	0
75.94772430897894	0
75.94774101719488	0
75.94775772541266	0
75.94777443363228	0
75.94779114185374	2
75.94780785007702	1
75.94782455830214	0
75.94784126652912	0
75.94785797475792	0
75.94787468298856	0
75.94789139122104	0
75.94790809945536	0
75.94792480769152	0
75.9479415159295	0
75.94795822416934	0
75.94797493241102	0
75.94799164065452	1
75.94800834889986	0
75.94802505714706	1
75.94804176539608	1
75.94805847364692	0
75.94807518189964	1
75.94809189015416	0
75.94810859841054	0
75.94812530666874	0
75.9481420149288	1
75.94815872319068	0
75.9481754314544	0
75.94819213971996	0
75.94820884798736	0
75.9482255562566	0
75.94824226452768	0
75.9482589728006	0
75.94827568107534	0
75.94829238935194	0
75.94830909763036	0
75.94832580591064	0
75.94834251419274	0
75.94835922247668	1
75.94837593076242	0
75.94839263905004	0
75.94840934733952	0
75.9484260556308	0
75.94844276392392	1
75.9484594722189	0
75.9484761805157	0
75.94849288881434	0
75.94850959711482	1
75.94852630541716	0
75.94854301372132	0
75.9485597220273	0
75.94857643033512	0
75.9485931386448	0
75.94860984695632	0
75.94862655526966	0
75.94864326358484	0
75.94865997190186	0
75.94867668022074	0
75.94869338854144	0
75.94871009686396	1
75.94872680518834	0
75.94874351351454	0
75.9487602218426	0
75.9487769301725	0
75.94879363850422	0
75.94881034683778	0
75.94882705517318	0
75.94884376351042	1
75.9488604718495	0
75.94887718019042	0
75.94889388853316	0
75.94891059687776	0
75.94892730522418	0
75.94894401357244	0
75.94896072192256	0
75.94897743027448	0
75.94899413862828	1
75.94901084698388	0
75.94902755534134	0
75.94904426370062	0
75.94906097206176	1
75.94907768042472	0
75.94909438878954	1
75.94911109715618	1
75.94912780552466	0
75.94914451389498	0
75.94916122226714	0
75.94917793064114	0
75.94919463901698	0
75.94921134739464	0
75.94922805577416	0
75.9492447641555	1
75.94926147253868	0
75.94927818092372	0
75.94929488931056	0
75.94931159769926	0
75.94932830608982	0
75.94934501448218	0
75.9493617228764	1
75.94937843127246	0
75.94939513967034	0
75.94941184807006	0
75.94942855647164	0
75.94944526487502	0
75.94946197328026	0
75.94947868168736	0
75.94949539009626	0
75.94951209850702	0
75.94952880691962	0
75.94954551533404	0
75.94956222375032	0
75.94957893216842	1
75.94959564058836	0
75.94961234901014	0
75.94962905743376	0
75.94964576585922	0
75.94966247428652	0
75.94967918271564	0
75.9496958911466	0
75.9497125995794	0
75.94972930801406	0
75.94974601645054	0
75.94976272488886	0
75.94977943332902	1
75.94979614177102	0
75.94981285021486	0
75.94982955866054	0
75.94984626710804	0
75.9498629755574	0
75.94987968400858	0
75.9498963924616	0
75.94991310091646	0
75.94992980937316	1
75.94994651783172	0
75.94996322629208	0
75.9499799347543	0
75.94999664321834	0
75.95001335168424	0
75.95003006015196	0
75.95004676862154	0
75.95006347709294	0
75.95008018556618	0
75.95009689404126	1
75.95011360251818	0
75.95013031099694	0
75.95014701947754	0
75.95016372795996	0
75.95018043644424	0
75.95019714493034	0
75.95021385341828	1
75.95023056190806	0
75.95024727039968	0
75.95026397889314	0
75.95028068738844	1
75.95029739588558	0
75.95031410438454	0
75.95033081288534	0
75.95034752138798	0
75.95036422989246	0
75.9503809383988	0
75.95039764690696	0
75.95041435541696	0
75.9504310639288	0
75.95044777244246	0
75.95046448095798	0
75.95048118947534	0
75.95049789799452	0
75.95051460651554	0
75.9505313150384	0
75.9505480235631	0
75.95056473208966	0
75.95058144061802	0
75.95059814914824	0
75.9506148576803	0
75.95063156621418	0
75.95064827474992	0
75.95066498328748	1
75.9506816918269	0
75.95069840036814	1
75.95071510891122	0
75.95073181745614	0
75.95074852600288	0
75.95076523455148	0
75.95078194310192	1
75.95079865165418	0
75.9508153602083	0
75.95083206876424	0
75.95084877732202	0
75.95086548588164	0
75.9508821944431	0
75.9508989030064	0
75.95091561157154	0
75.95093232013852	0
75.95094902870732	0
75.95096573727798	0
75.95098244585046	0
75.95099915442476	0
75.95101586300094	0
75.95103257157892	0
75.95104928015878	0
75.95106598874044	0
75.95108269732396	0
75.9510994059093	1
75.9511161144965	0
75.95113282308554	0
75.9511495316764	0
75.9511662402691	0
75.95118294886364	0
75.95119965746002	0
75.95121636605824	0
75.9512330746583	0
75.95124978326018	0
75.9512664918639	0
75.95128320046948	0
75.95129990907688	0
75.95131661768614	0
75.95133332629722	0
75.95135003491014	0
75.9513667435249	0
75.9513834521415	0
75.95140016075992	1
75.9514168693802	0
75.9514335780023	1
75.95145028662624	0
75.95146699525204	0
75.95148370387966	1
75.95150041250912	0
75.95151712114042	0
75.95153382977356	0
75.95155053840854	0
75.95156724704534	0
75.951583955684	0
75.95160066432448	0
75.95161737296682	0
75.95163408161096	0
75.95165079025696	0
75.9516674989048	0
75.95168420755446	0
75.95170091620598	1
75.95171762485934	0
75.95173433351452	0
75.95175104217158	1
75.95176775083044	0
75.95178445949114	0
75.95180116815368	0
75.95181787681806	0
75.95183458548428	0
75.95185129415234	0
75.95186800282222	0
75.95188471149396	0
75.95190142016754	0
75.95191812884294	1
75.95193483752018	0
75.95195154619926	0
75.9519682548802	0
75.95198496356294	0
75.95200167224754	0
75.95201838093398	0
75.95203508962224	0
75.95205179831236	0
75.9520685070043	0
75.9520852156981	0
75.95210192439372	0
75.95211863309118	0
75.95213534179048	0
75.95215205049162	0
75.9521687591946	0
75.95218546789942	0
75.95220217660606	0
75.95221888531456	0
75.95223559402488	0
75.95225230273704	0
75.95226901145104	0
75.95228572016688	0
75.95230242888456	0
75.95231913760406	0
75.95233584632542	0
75.95235255504862	0
75.95236926377364	0
75.95238597250052	0
75.95240268122922	0
75.95241938995976	0
75.95243609869216	0
75.95245280742636	0
75.95246951616242	0
75.95248622490032	0
75.95250293364006	0
75.95251964238162	0
75.95253635112502	0
75.95255305987028	0
75.95256976861736	0
75.95258647736628	0
75.95260318611706	0
75.95261989486964	0
75.95263660362408	1
75.95265331238036	0
75.95267002113846	1
75.95268672989842	0
75.9527034386602	0
75.95272014742382	0
75.9527368561893	0
75.9527535649566	0
75.95277027372574	0
75.9527869824967	0
75.95280369126952	0
75.95282040004418	0
75.95283710882066	0
75.952853817599	1
75.95287052637916	0
75.95288723516116	0
75.952903943945	0
75.95292065273068	0
75.9529373615182	0
75.95295407030754	0
75.95297077909874	0
75.95298748789176	0
75.95300419668664	0
75.95302090548334	0
75.9530376142819	0
75.95305432308228	0
75.9530710318845	0
75.95308774068856	0
75.95310444949446	0
75.95312115830218	0
75.95313786711176	0
75.95315457592316	0
75.95317128473642	0
75.9531879935515	0
75.95320470236842	0
75.9532214111872	0
75.95323812000778	0
75.95325482883024	0
75.9532715376545	0
75.95328824648062	0
75.95330495530858	0
75.95332166413836	0
75.95333837296998	0
75.95335508180344	0
75.95337179063874	0
75.9533884994759	0
75.95340520831486	0
75.95342191715568	0
75.95343862599834	0
75.95345533484284	0
75.95347204368916	0
75.95348875253734	0
75.95350546138734	0
75.95352217023918	0
75.95353887909286	0
75.95355558794838	0
75.95357229680574	0
75.95358900566492	0
75.95360571452596	0
75.95362242338882	0
75.95363913225354	0
75.95365584112008	0
75.95367254998846	1
75.95368925885868	0
75.95370596773074	1
75.95372267660464	0
75.95373938548038	0
75.95375609435794	0
75.95377280323736	0
75.9537895121186	0
75.95380622100168	0
75.95382292988662	0
75.95383963877338	0
75.95385634766198	0
75.95387305655242	0
75.9538897654447	0
75.95390647433882	0
75.95392318323476	0
75.95393989213256	0
75.95395660103218	0
75.95397330993364	0
75.95399001883696	0
75.9540067277421	0
75.95402343664908	0
75.95404014555788	0
75.95405685446856	0
75.95407356338104	0
75.95409027229538	0
75.95410698121154	0
75.95412369012956	0
75.9541403990494	0
75.95415710797108	0
75.9541738168946	0
75.95419052581996	0
75.95420723474714	0
75.95422394367618	0
75.95424065260706	0
75.95425736153976	0
75.9542740704743	0
75.95429077941068	0
75.9543074883489	0
75.95432419728898	0
75.95434090623088	0
75.9543576151746	0
75.95437432412018	0
75.9543910330676	0
75.95440774201684	0
75.95442445096794	0
75.95444115992086	0
75.95445786887562	0
75.95447457783222	0
75.95449128679066	0
75.95450799575094	0
75.95452470471306	0
75.95454141367702	0
75.9545581226428	0
75.95457483161044	0
75.9545915405799	0
75.9546082495512	0
75.95462495852436	0
75.95464166749934	0
75.95465837647616	0
75.9546750854548	0
75.9546917944353	0
75.95470850341764	0
75.9547252124018	0
75.95474192138782	0
75.95475863037566	0
75.95477533936534	0
75.95479204835686	0
75.95480875735022	0
75.95482546634542	0
75.95484217534246	0
75.95485888434132	0
75.95487559334204	0
75.9548923023446	0
75.95490901134898	0
75.95492572035518	0
75.95494242936324	0
75.95495913837314	0
75.9549758473849	0
75.95499255639846	0
75.95500926541388	0
75.95502597443112	0
75.95504268345022	0
75.95505939247114	0
75.9550761014939	0
75.95509281051852	0
75.95510951954496	0
75.95512622857324	1
75.95514293760336	0
75.95515964663532	0
75.9551763556691	0
75.95519306470474	0
75.9552097737422	1
75.9552264827815	0
75.95524319182266	0
75.95525990086564	0
75.95527660991044	0
75.9552933189571	0
75.9553100280056	0
75.95532673705594	0
75.9553434461081	1
75.95536015516212	0
75.95537686421798	0
75.95539357327564	0
75.95541028233518	0
75.95542699139654	0
75.95544370045974	1
75.95546040952478	0
75.95547711859166	0
75.95549382766036	0
75.95551053673092	1
75.9555272458033	0
75.95554395487754	0
75.9555606639536	0
75.95557737303148	0
75.9555940821112	0
75.95561079119278	0
75.95562750027622	0
75.95564420936146	0
75.95566091844854	0
75.95567762753748	0
75.95569433662824	0
75.95571104572086	0
75.9557277548153	0
75.95574446391158	0
75.9557611730097	0
75.95577788210964	0
75.95579459121144	0
75.95581130031508	0
75.95582800942054	0
75.95584471852784	0
75.955861427637	1
75.95587813674798	0
75.9558948458608	0
75.95591155497546	0
75.95592826409196	0
75.9559449732103	0
75.95596168233048	0
75.95597839145248	0
75.95599510057632	0
75.95601180970202	0
75.95602851882954	0
75.9560452279589	0
75.9560619370901	0
75.95607864622314	0
75.95609535535802	0
75.95611206449472	0
75.95612877363328	0
75.95614548277366	0
75.9561621919159	0
75.95617890105996	0
75.95619561020586	0
75.9562123193536	0
75.95622902850316	0
75.95624573765458	0
75.95626244680784	0
75.95627915596294	0
75.95629586511986	0
75.95631257427864	0
75.95632928343924	0
75.95634599260168	0
75.95636270176596	0
75.95637941093208	0
75.95639612010004	0
75.95641282926982	0
75.95642953844148	0
75.95644624761494	0
75.95646295679026	0
75.9564796659674	0
75.95649637514638	0
75.9565130843272	0
75.95652979350986	0
75.95654650269436	0
75.9565632118807	0
75.95657992106888	0
75.95659663025888	0
75.95661333945074	0
75.95663004864442	0
75.95664675783996	0
75.9566634670373	0
75.9566801762365	0
75.95669688543756	0
75.95671359464042	0
75.95673030384514	0
75.9567470130517	0
75.95676372226008	0
75.95678043147032	0
75.95679714068238	0
75.95681384989628	0
75.95683055911202	0
75.9568472683296	0
75.95686397754902	0
75.95688068677028	0
75.95689739599336	0
75.9569141052183	0
75.95693081444506	0
75.95694752367366	0
75.95696423290412	0
75.9569809421364	0
75.95699765137052	0
75.95701436060646	0
75.95703106984426	0
75.95704777908392	0
75.95706448832538	0
75.95708119756868	0
75.95709790681384	0
75.95711461606082	0
75.95713132530966	0
75.9571480345603	0
75.9571647438128	0
75.95718145306714	1
75.95719816232332	0
75.95721487158134	0
75.95723158084118	0
75.95724829010288	0
75.9572649993664	0
75.95728170863178	0
75.95729841789898	0
75.957315127168	0
75.95733183643888	0
75.9573485457116	0
75.95736525498616	0
75.95738196426254	0
75.95739867354078	0
75.95741538282084	0
75.95743209210276	0
75.9574488013865	0
75.95746551067208	0
75.9574822199595	0
75.95749892924874	0
75.95751563853986	0
75.95753234783278	0
75.95754905712754	0
75.95756576642414	0
75.9575824757226	0
75.95759918502288	0
75.957615894325	0
75.95763260362896	0
75.95764931293476	0
75.9576660222424	0
75.95768273155186	0
75.95769944086318	0
75.95771615017632	0
75.95773285949132	0
75.95774956880814	0
75.9577662781268	0
75.9577829874473	0
75.95779969676964	0
75.95781640609382	0
75.95783311541984	0
75.95784982474768	0
75.95786653407738	0
75.9578832434089	0
75.95789995274228	0
75.95791666207748	1
75.95793337141452	0
75.9579500807534	0
75.9579667900941	0
75.95798349943666	0
75.95800020878106	0
75.9580169181273	0
75.95803362747536	0
75.95805033682528	0
75.95806704617702	0
75.9580837555306	0
75.95810046488602	0
75.95811717424328	0
75.95813388360238	0
75.95815059296332	0
75.95816730232608	1
75.95818401169068	0
75.95820072105712	0
75.95821743042542	0
75.95823413979552	0
75.95825084916748	0
75.95826755854128	0
75.95828426791692	0
75.9583009772944	0
75.95831768667372	0
75.95833439605488	0
75.95835110543784	0
75.95836781482268	0
75.95838452420934	0
75.95840123359784	0
75.95841794298818	0
75.95843465238036	0
75.95845136177438	0
75.95846807117024	0
75.95848478056792	0
75.95850148996746	0
75.95851819936882	0
75.95853490877202	0
75.95855161817708	0
75.95856832758396	0
75.95858503699266	0
75.95860174640322	0
75.95861845581562	0
75.95863516522986	0
75.95865187464592	0
75.95866858406384	0
75.95868529348358	0
75.95870200290516	0
75.95871871232858	0
75.95873542175384	0
75.95875213118094	0
75.95876884060986	1
75.95878555004064	0
75.95880225947326	0
75.95881896890772	0
75.958835678344	0
75.9588523877821	0
75.95886909722206	0
75.95888580666386	0
75.9589025161075	0
75.95891922555298	0
75.9589359350003	0
75.95895264444944	0
75.95896935390044	0
75.95898606335328	0
75.95900277280792	1
75.95901948226442	0
75.95903619172278	0
75.95905290118296	0
75.95906961064498	0
75.95908632010882	0
75.95910302957452	0
75.95911973904206	0
75.95913644851142	0
75.95915315798264	0
75.95916986745568	0
75.95918657693056	0
75.95920328640728	0
75.95921999588584	0
75.95923670536622	0
75.95925341484846	0
75.95927012433254	0
75.95928683381844	0
75.95930354330618	0
75.95932025279576	0
75.9593369622872	0
75.95935367178046	0
75.95937038127556	0
75.9593870907725	0
75.95940380027126	0
75.95942050977188	0
75.95943721927432	0
75.95945392877862	0
75.95947063828474	0
75.9594873477927	0
75.9595040573025	0
75.95952076681412	0
75.95953747632762	0
75.95955418584292	0
75.95957089536008	0
75.95958760487906	0
75.9596043143999	0
75.95962102392258	0
75.95963773344708	0
75.95965444297342	0
75.95967115250158	0
75.95968786203162	0
75.95970457156346	0
75.95972128109716	0
75.9597379906327	0
75.95975470017008	0
75.95977140970926	0
75.95978811925032	0
75.9598048287932	0
75.95982153833792	0
75.95983824788448	0
75.95985495743288	0
75.9598716669831	0
75.95988837653518	0
75.9599050860891	0
75.95992179564486	0
75.95993850520244	0
75.95995521476186	0
75.95997192432312	0
75.95998863388622	0
75.96000534345116	0
75.96002205301792	0
75.96003876258656	0
75.960055472157	0
75.9600721817293	0
75.96008889130342	0
75.96010560087938	0
75.96012231045718	0
75.96013902003682	0
75.96015572961828	0
75.9601724392016	0
75.96018914878676	0
75.96020585837374	1
75.96022256796258	0
75.96023927755324	0
75.96025598714576	0
75.9602726967401	0
75.96028940633628	0
75.9603061159343	0
75.96032282553416	0
75.96033953513584	0
75.9603562447394	0
75.96037295434476	0
75.96038966395196	0
75.96040637356102	0
75.9604230831719	0
75.96043979278462	0
75.96045650239918	1
75.96047321201558	0
75.96048992163382	1
75.9605066312539	0
75.9605233408758	0
75.96054005049956	0
75.96055676012514	0
75.96057346975256	0
75.96059017938182	1
75.96060688901292	1
75.96062359864588	0
75.96064030828066	0
75.96065701791726	0
75.96067372755572	0
75.96069043719602	0
75.96070714683814	0
75.9607238564821	0
75.9607405661279	0
75.96075727577556	0
75.96077398542502	0
75.96079069507634	0
75.9608074047295	0
75.96082411438448	0
75.96084082404132	0
75.96085753369998	0
75.96087424336048	0
75.96089095302284	0
75.96090766268702	0
75.96092437235304	0
75.9609410820209	0
75.9609577916906	0
75.96097450136212	0
75.9609912110355	0
75.9610079207107	0
75.96102463038776	0
75.96104134006664	0
75.96105804974736	0
75.96107475942992	0
75.96109146911432	0
75.96110817880056	0
75.96112488848864	0
75.96114159817856	0
75.96115830787032	0
75.9611750175639	0
75.96119172725932	0
75.96120843695658	0
75.96122514665568	0
75.96124185635662	0
75.9612585660594	0
75.96127527576402	2
75.96129198547048	0
75.96130869517878	0
75.9613254048889	0
75.96134211460088	0
75.96135882431468	0
75.96137553403032	1
75.9613922437478	0
75.96140895346712	0
75.96142566318828	0
75.96144237291126	0
75.9614590826361	1
75.96147579236276	0
75.96149250209126	0
75.96150921182162	0
75.9615259215538	0
75.96154263128782	0
75.96155934102368	0
75.96157605076138	0
75.96159276050092	0
75.96160947024228	0
75.9616261799855	0
75.96164288973054	0
75.96165959947744	0
75.96167630922616	0
75.96169301897672	0
75.96170972872912	0
75.96172643848336	0
75.96174314823944	0
75.96175985799736	0
75.9617765677571	0
75.9617932775187	0
75.96180998728212	0
75.9618266970474	0
75.9618434068145	0
75.96186011658344	0
75.96187682635422	0
75.96189353612682	0
75.96191024590128	0
75.96192695567758	0
75.96194366545572	0
75.96196037523568	0
75.96197708501748	0
75.96199379480114	0
75.96201050458662	0
75.96202721437394	0
75.96204392416308	0
75.96206063395408	0
75.96207734374694	0
75.9620940535416	0
75.9621107633381	0
75.96212747313644	0
75.96214418293664	0
75.96216089273864	0
75.96217760254252	0
75.9621943123482	0
75.96221102215574	0
75.96222773196512	0
75.96224444177634	0
75.96226115158938	0
75.96227786140428	0
75.962294571221	0
75.96231128103956	0
75.96232799085996	0
75.9623447006822	0
75.96236141050628	0
75.9623781203322	0
75.96239483015996	0
75.96241153998956	0
75.96242824982098	0
75.96244495965424	0
75.96246166948934	0
75.96247837932628	0
75.96249508916506	0
75.96251179900568	0
75.96252850884814	0
75.96254521869244	0
75.96256192853856	0
75.96257863838656	0
75.96259534823636	0
75.962612058088	0
75.96262876794148	0
75.9626454777968	0
75.96266218765396	0
75.96267889751296	0
75.9626956073738	0
75.96271231723648	0
75.96272902710098	0
75.96274573696732	0
75.96276244683552	0
75.96277915670552	0
75.96279586657738	0
75.9628125764511	0
75.96282928632662	0
75.962845996204	0
75.96286270608322	0
75.96287941596428	0
75.96289612584716	0
75.96291283573188	0
75.96292954561846	0
75.96294625550686	0
75.9629629653971	0
75.96297967528918	0
75.9629963851831	0
75.96301309507886	0
75.96302980497644	0
75.96304651487588	0
75.96306322477714	0
75.96307993468024	0
75.9630966445852	0
75.96311335449198	0
75.9631300644006	0
75.96314677431104	0
75.96316348422334	0
75.96318019413748	0
75.96319690405346	0
75.96321361397126	0
75.96323032389092	0
75.9632470338124	0
75.96326374373572	0
75.96328045366088	0
75.96329716358788	0
75.96331387351672	0
75.9633305834474	0
75.9633472933799	0
75.96336400331424	0
75.96338071325044	0
75.96339742318846	0
75.96341413312832	0
75.96343084307002	0
75.96344755301356	0
75.96346426295892	0
75.96348097290614	0
75.9634976828552	0
75.9635143928061	0
75.96353110275882	0
75.9635478127134	0
75.96356452266978	0
75.96358123262804	0
75.96359794258812	0
75.96361465255004	0
75.96363136251378	0
75.9636480724794	0
75.96366478244682	0
75.9636814924161	0
75.9636982023872	0
75.96371491236014	0
75.96373162233492	0
75.96374833231154	0
75.96376504229	0
75.9637817522703	1
75.96379846225244	0
75.96381517223642	0
75.96383188222222	0
75.96384859220986	0
75.96386530219936	0
75.96388201219068	0
75.96389872218384	0
75.96391543217884	0
75.96393214217568	0
75.96394885217436	0
75.96396556217486	0
75.96398227217722	0
75.96399898218142	0
75.96401569218744	0
75.9640324021953	0
75.964049112205	0
75.96406582221654	0
75.96408253222992	0
75.96409924224514	0
75.96411595226218	0
75.96413266228108	0
75.9641493723018	0
75.96416608232438	0
75.96418279234878	0
75.96419950237502	1
75.9642162124031	0
75.96423292243302	0
75.96424963246478	0
75.96426634249838	0
75.9642830525338	0
75.96429976257108	0
75.96431647261018	0
75.96433318265114	0
75.96434989269392	0
75.96436660273854	0
75.964383312785	0
75.9644000228333	0
75.96441673288344	0
75.9644334429354	0
75.96445015298922	0
75.96446686304488	0
75.96448357310236	0
75.96450028316168	0
75.96451699322284	0
75.96453370328586	0
75.9645504133507	0
75.96456712341738	0
75.96458383348588	0
75.96460054355624	0
75.96461725362842	0
75.96463396370246	0
75.96465067377832	0
75.96466738385602	0
75.96468409393556	0
75.96470080401694	0
75.96471751410016	0
75.96473422418522	0
75.9647509342721	0
75.96476764436084	0
75.9647843544514	0
75.96480106454382	0
75.96481777463806	0
75.96483448473414	0
75.96485119483206	0
75.96486790493182	0
75.96488461503342	0
75.96490132513686	0
75.96491803524212	0
75.96493474534924	0
75.96495145545818	0
75.96496816556896	0
75.96498487568158	0
75.96500158579606	0
75.96501829591234	0
75.9650350060305	0
75.96505171615046	0
75.96506842627228	0
75.96508513639594	0
75.96510184652142	0
75.96511855664874	0
75.96513526677792	0
75.96515197690892	0
75.96516868704176	0
75.96518539717644	0
75.96520210731296	0
75.9652188174513	0
75.9652355275915	0
75.96525223773352	0
75.9652689478774	0
75.9652856580231	0
75.96530236817064	0
75.96531907832002	0
75.96533578847124	0
75.9653524986243	0
75.9653692087792	0
75.96538591893592	0
75.96540262909448	0
75.96541933925488	0
75.96543604941714	0
75.96545275958122	0
75.96546946974714	0
75.9654861799149	0
75.9655028900845	0
75.96551960025594	0
75.9655363104292	0
75.96555302060432	0
75.96556973078128	0
75.96558644096006	0
75.96560315114068	0
75.96561986132314	0
75.96563657150746	0
75.96565328169358	0
75.96566999188156	0
75.96568670207138	0
75.96570341226304	0
75.96572012245652	0
75.96573683265184	0
75.96575354284902	0
75.96577025304802	0
75.96578696324886	0
75.96580367345154	0
75.96582038365606	0
75.9658370938624	0
75.9658538040706	0
75.96587051428062	0
75.9658872244925	0
75.9659039347062	0
75.96592064492176	0
75.96593735513914	0
75.96595406535836	0
75.96597077557942	0
75.96598748580232	0
75.96600419602704	0
75.96602090625362	0
75.96603761648204	0
75.96605432671226	0
75.96607103694434	0
75.96608774717826	0
75.96610445741404	0
75.96612116765162	0
75.96613787789106	0
75.96615458813234	0
75.96617129837546	0
75.96618800862042	0
75.9662047188672	0
75.96622142911582	0
75.96623813936628	0
75.96625484961858	0
75.96627155987272	0
75.9662882701287	0
75.96630498038652	0
75.96632169064618	0
75.96633840090766	0
75.966355111171	0
75.96637182143616	0
75.96638853170316	0
75.96640524197202	0
75.96642195224268	0
75.9664386625152	0
75.96645537278958	0
75.96647208306576	0
75.9664887933438	0
75.96650550362368	0
75.96652221390536	0
75.96653892418892	0
75.9665556344743	0
75.96657234476152	0
75.96658905505058	0
75.96660576534148	0
75.96662247563422	0
75.96663918592878	0
75.96665589622522	0
75.96667260652346	0
75.96668931682354	0
75.96670602712544	0
75.96672273742922	0
75.96673944773482	0
75.96675615804224	0
75.96677286835154	0
75.96678957866264	0
75.9668062889756	0
75.96682299929038	0
75.966839709607	0
75.96685641992548	0
75.96687313024578	0
75.96688984056792	0
75.9669065508919	0
75.96692326121772	0
75.96693997154538	0
75.96695668187486	0
75.9669733922062	0
75.96699010253936	0
75.96700681287436	0
75.96702352321122	0
75.9670402335499	0
75.96705694389042	1
75.96707365423276	0
75.96709036457696	0
75.967107074923	0
75.96712378527088	0
75.96714049562058	1
75.96715720597214	0
75.96717391632552	0
75.96719062668074	0
75.9672073370378	0
75.9672240473967	0
75.96724075775744	0
75.96725746812002	0
75.96727417848442	0
75.96729088885068	0
75.96730759921876	0
75.9673243095887	0
75.96734101996044	0
75.96735773033404	0
75.96737444070948	0
75.96739115108676	0
75.96740786146588	0
75.96742457184682	0
75.96744128222962	0
75.96745799261424	0
75.9674747030007	0
75.96749141338902	0
75.96750812377916	0
75.96752483417114	0
75.96754154456496	0
75.96755825496062	0
75.96757496535812	0
75.96759167575744	0
75.9676083861586	0
75.96762509656162	0
75.96764180696646	0
75.96765851737314	0
75.96767522778168	0
75.96769193819202	0
75.96770864860422	0
75.96772535901826	0
75.96774206943412	0
75.96775877985184	0
75.9677754902714	0
75.96779220069278	0
75.967808911116	0
75.96782562154108	0
75.96784233196796	0
75.9678590423967	0
75.96787575282728	0
75.9678924632597	0
75.96790917369394	0
75.96792588413004	0
75.96794259456796	0
75.96795930500772	0
75.96797601544932	0
75.96799272589278	1
75.96800943633806	0
75.96802614678516	1
75.9680428572341	0
75.9680595676849	0
75.96807627813752	0
75.968092988592	0
75.9681096990483	0
75.96812640950644	0
75.96814311996644	0
75.96815983042826	0
75.9681765408919	0
75.9681932513574	1
75.96820996182474	0
75.9682266722939	0
75.96824338276492	0
75.96826009323776	0
75.96827680371244	0
75.96829351418896	0
75.96831022466732	0
75.96832693514752	0
75.96834364562956	0
75.96836035611344	0
75.96837706659916	0
75.9683937770867	0
75.96841048757608	0
75.9684271980673	0
75.96844390856038	0
75.96846061905528	0
75.96847732955202	0
75.9684940400506	0
75.968510750551	0
75.96852746105326	0
75.96854417155734	0
75.96856088206328	0
75.96857759257104	0
75.96859430308066	0
75.96861101359208	0
75.96862772410538	0
75.9686444346205	0
75.96866114513746	0
75.96867785565622	0
75.96869456617686	0
75.96871127669932	0
75.96872798722364	0
75.96874469774978	0
75.96876140827776	1
75.96877811880758	0
75.96879482933924	0
75.96881153987274	0
75.96882825040808	0
75.96884496094524	0
75.96886167148426	0
75.9688783820251	0
75.9688950925678	0
75.96891180311232	0
75.96892851365868	0
75.96894522420688	0
75.9689619347569	0
75.96897864530878	0
75.9689953558625	0
75.96901206641806	0
75.96902877697544	0
75.96904548753466	0
75.96906219809574	0
75.96907890865864	0
75.96909561922338	0
75.96911232978996	0
75.96912904035838	0
75.96914575092862	0
75.96916246150072	0
75.96917917207466	0
75.96919588265042	0
75.96921259322802	0
75.96922930380746	0
75.96924601438874	0
75.96926272497186	0
75.96927943555682	0
75.96929614614362	0
75.96931285673224	0
75.9693295673227	0
75.96934627791502	0
75.96936298850916	0
75.96937969910514	0
75.96939640970298	0
75.96941312030262	0
75.96942983090412	0
75.96944654150746	0
75.96946325211264	0
75.96947996271966	0
75.9694966733285	0
75.96951338393918	0
75.9695300945517	0
75.96954680516606	0
75.96956351578228	0
75.96958022640032	0
75.9695969370202	0
75.9696136476419	0
75.96963035826546	0
75.96964706889084	0
75.96966377951808	0
75.96968049014714	0
75.96969720077804	0
75.96971391141078	0
75.96973062204536	0
75.96974733268178	0
75.96976404332004	0
75.96978075396012	0
75.96979746460206	0
75.96981417524584	0
75.96983088589144	0
75.96984759653888	0
75.96986430718816	1
75.96988101783928	0
75.96989772849224	0
75.96991443914704	0
75.96993114980368	0
75.96994786046214	0
75.96996457112246	0
75.96998128178458	0
75.96999799244858	0
75.9700147031144	0
75.97003141378206	0
75.97004812445156	0
75.97006483512288	0
75.97008154579606	0
75.97009825647108	0
75.97011496714792	1
75.97013167782662	0
75.97014838850714	0
75.9701650991895	0
75.97018180987372	0
75.97019852055976	0
75.97021523124762	0
75.97023194193734	0
75.9702486526289	0
75.97026536332228	0
75.97028207401752	0
75.9702987847146	0
75.9703154954135	0
75.97033220611424	0
75.97034891681682	0
75.97036562752124	0
75.9703823382275	0
75.9703990489356	0
75.97041575964552	0
75.97043247035728	0
75.9704491810709	0
75.97046589178636	0
75.97048260250362	0
75.97049931322276	0
75.9705160239437	0
75.97053273466652	0
75.97054944539114	0
75.97056615611762	0
75.97058286684594	0
75.97059957757608	0
75.97061628830808	0
75.97063299904188	0
75.97064970977754	0
75.97066642051504	0
75.97068313125438	0
75.97069984199554	0
75.97071655273858	0
75.97073326348342	0
75.9707499742301	0
75.97076668497864	0
75.970783395729	0
75.97080010648122	0
75.97081681723526	0
75.97083352799112	0
75.97085023874884	0
75.9708669495084	0
75.9708836602698	0
75.97090037103302	0
75.97091708179808	0
75.970933792565	1
75.97095050333374	0
75.97096721410432	0
75.97098392487674	0
75.971000635651	0
75.9710173464271	0
75.97103405720504	0
75.9710507679848	0
75.9710674787664	0
75.97108418954986	0
75.97110090033514	0
75.97111761112228	0
75.97113432191122	0
75.97115103270202	1
75.97116774349466	0
75.97118445428914	0
75.97120116508546	1
75.9712178758836	0
75.97123458668358	0
75.97125129748542	0
75.97126800828908	0
75.97128471909458	0
75.9713014299019	0
75.97131814071108	0
75.9713348515221	0
75.97135156233496	0
75.97136827314964	0
75.97138498396616	0
75.97140169478454	0
75.97141840560474	0
75.97143511642678	0
75.97145182725066	0
75.97146853807638	0
75.97148524890394	0
75.97150195973334	0
75.97151867056456	0
75.97153538139764	0
75.97155209223254	0
75.9715688030693	0
75.97158551390788	0
75.9716022247483	0
75.97161893559054	0
75.97163564643466	0
75.97165235728058	0
75.97166906812836	0
75.97168577897798	0
75.97170248982942	0
75.9717192006827	0
75.97173591153782	0
75.9717526223948	0
75.9717693332536	0
75.97178604411422	0
75.9718027549767	0
75.97181946584102	0
75.97183617670718	0
75.97185288757516	0
75.97186959844498	0
75.97188630931664	0
75.97190302019016	0
75.9719197310655	0
75.97193644194268	0
75.97195315282168	0
75.97196986370254	0
75.97198657458522	1
75.97200328546976	0
75.97201999635612	0
75.97203670724434	0
75.97205341813438	0
75.97207012902626	0
75.97208683991998	0
75.97210355081552	0
75.97212026171292	0
75.97213697261216	0
75.97215368351324	0
75.97217039441614	0
75.97218710532088	0
75.97220381622746	0
75.9722205271359	0
75.97223723804616	0
75.97225394895824	0
75.97227065987218	0
75.97228737078796	0
75.97230408170558	0
75.97232079262502	0
75.97233750354632	0
75.97235421446944	0
75.9723709253944	0
75.9723876363212	0
75.97240434724984	0
75.97242105818032	0
75.97243776911264	0
75.97245448004678	0
75.97247119098278	0
75.9724879019206	0
75.97250461286026	0
75.97252132380178	0
75.97253803474512	0
75.9725547456903	0
75.97257145663732	0
75.97258816758618	0
75.97260487853684	0
75.97262158948938	0
75.97263830044376	0
75.97265501139996	0
75.972671722358	0
75.97268843331788	0
75.9727051442796	0
75.97272185524318	0
75.97273856620856	0
75.9727552771758	0
75.97277198814488	0
75.97278869911578	0
75.97280541008854	0
75.97282212106312	0
75.97283883203954	0
75.9728555430178	0
75.9728722539979	0
75.97288896497984	0
75.9729056759636	0
75.97292238694922	0
75.97293909793668	0
75.97295580892596	0
75.9729725199171	0
75.97298923091006	0
75.97300594190486	0
75.9730226529015	0
75.97303936389998	0
75.9730560749003	0
75.97307278590246	0
75.97308949690644	0
75.97310620791228	0
75.97312291891994	0
75.97313962992944	0
75.9731563409408	0
75.97317305195396	0
75.973189762969	0
75.97320647398584	0
75.97322318500454	0
75.97323989602506	0
75.97325660704744	0
75.97327331807164	0
75.97329002909768	0
75.97330674012558	0
75.97332345115528	0
75.97334016218684	0
75.97335687322024	0
75.97337358425548	0
75.97339029529256	0
75.97340700633148	0
75.97342371737222	0
75.9734404284148	0
75.97345713945924	0
75.97347385050548	0
75.9734905615536	0
75.97350727260354	0
75.97352398365532	0
75.97354069470892	0
75.97355740576438	0
75.97357411682168	0
75.9735908278808	0
75.97360753894176	0
75.97362425000456	0
75.97364096106922	0
75.9736576721357	0
75.973674383204	0
75.97369109427416	0
75.97370780534616	0
75.97372451641998	0
75.97374122749566	0
75.97375793857316	0
75.9737746496525	0
75.97379136073368	0
75.97380807181672	0
75.97382478290156	0
75.97384149398826	0
75.9738582050768	0
75.97387491616716	0
75.97389162725938	0
75.97390833835342	0
75.9739250494493	0
75.97394176054702	0
75.97395847164658	0
75.97397518274798	0
75.97399189385122	0
75.9740086049563	0
75.97402531606322	0
75.97404202717196	0
75.97405873828254	0
75.97407544939498	0
75.97409216050924	0
75.97410887162534	0
75.97412558274328	0
75.97414229386306	0
75.97415900498468	0
75.97417571610812	0
75.97419242723342	0
75.97420913836056	0
75.97422584948952	0
75.97424256062032	0
75.97425927175296	0
75.97427598288744	0
75.97429269402376	0
75.97430940516192	0
75.97432611630192	1
75.97434282744376	0
75.97435953858742	0
75.97437624973294	0
75.97439296088028	0
75.97440967202946	1
75.97442638318048	0
75.97444309433334	0
75.97445980548802	0
75.97447651664458	0
75.97449322780294	0
75.97450993896316	0
75.9745266501252	0
75.9745433612891	0
75.9745600724548	0
75.97457678362236	0
75.97459349479176	0
75.974610205963	0
75.97462691713608	0
75.974643628311	0
75.97466033948774	0
75.97467705066634	0
75.97469376184676	0
75.97471047302902	0
75.97472718421312	0
75.97474389539908	0
75.97476060658684	0
75.97477731777648	0
75.97479402896792	0
75.97481074016122	0
75.97482745135636	0
75.97484416255332	0
75.97486087375212	0
75.97487758495276	0
75.97489429615524	0
75.97491100735958	0
75.97492771856572	0
75.97494442977372	0
75.97496114098356	0
75.97497785219522	0
75.97499456340874	0
75.97501127462408	0
75.97502798584128	0
75.97504469706028	0
75.97506140828116	0
75.97507811950386	0
75.97509483072838	0
75.97511154195476	0
75.97512825318298	0
75.97514496441302	0
75.97516167564492	0
75.97517838687864	0
75.9751950981142	0
75.97521180935162	0
75.97522852059084	0
75.97524523183192	0
75.97526194307482	0
75.97527865431958	0
75.97529536556618	0
75.9753120768146	0
75.97532878806486	0
75.97534549931696	0
75.97536221057092	0
75.9753789218267	0
75.9753956330843	0
75.97541234434378	0
75.97542905560506	0
75.9754457668682	0
75.97546247813316	0
75.97547918939996	0
75.97549590066862	0
75.9755126119391	0
75.97552932321142	0
75.97554603448558	0
75.97556274576158	0
75.9755794570394	0
75.9755961683191	0
75.9756128796006	0
75.97562959088394	0
75.97564630216912	0
75.97566301345616	0
75.97567972474502	0
75.97569643603572	0
75.97571314732826	0
75.97572985862264	0
75.97574656991884	0
75.9757632812169	0
75.97577999251678	0
75.9757967038185	0
75.97581341512208	0
75.97583012642748	0
75.97584683773472	0
75.9758635490438	0
75.9758802603547	0
75.97589697166746	0
75.97591368298204	0
75.97593039429848	0
75.97594710561674	0
75.97596381693686	0
75.9759805282588	0
75.97599723958258	0
75.9760139509082	0
75.97603066223566	0
75.97604737356496	0
75.97606408489608	0
75.97608079622906	0
75.97609750756386	0
75.97611421890052	0
75.976130930239	0
75.97614764157932	0
75.97616435292148	0
75.97618106426548	0
75.97619777561132	0
75.97621448695898	0
75.9762311983085	0
75.97624790965986	0
75.97626462101304	0
75.97628133236806	0
75.97629804372492	0
75.97631475508362	0
75.97633146644418	0
75.97634817780654	0
75.97636488917076	0
75.97638160053682	0
75.9763983119047	0
75.97641502327444	0
75.976431734646	0
75.9764484460194	0
75.97646515739464	0
75.97648186877174	0
75.97649858015066	0
75.9765152915314	0
75.97653200291398	0
75.9765487142984	0
75.97656542568468	0
75.97658213707278	0
75.97659884846274	0
75.97661555985452	0
75.97663227124814	0
75.9766489826436	0
75.9766656940409	0
75.97668240544002	0
75.976699116841	0
75.97671582824382	0
75.97673253964846	0
75.97674925105494	0
75.97676596246326	0
75.97678267387344	0
75.97679938528542	0
75.97681609669928	0
75.97683280811494	0
75.97684951953246	0
75.9768662309518	0
75.976882942373	0
75.97689965379602	0
75.9769163652209	0
75.97693307664758	0
75.97694978807614	0
75.9769664995065	0
75.97698321093874	0
75.97699992237278	0
75.97701663380866	0
75.9770333452464	0
75.97705005668598	0
75.97706676812738	0
75.97708347957062	0
75.9771001910157	0
75.97711690246262	0
75.97713361391138	0
75.97715032536196	0
75.9771670368144	0
75.97718374826866	0
75.97720045972476	0
75.97721717118272	0
75.9772338826425	1
75.97725059410412	0
75.97726730556758	0
75.97728401703288	0
75.97730072850002	0
75.977317439969	0
75.9773341514398	0
75.97735086291244	0
75.97736757438694	0
75.97738428586326	0
75.97740099734142	0
75.97741770882142	0
75.97743442030326	0
75.97745113178694	0
75.97746784327246	0
75.9774845547598	0
75.977501266249	0
75.97751797774002	0
75.97753468923288	0
75.9775514007276	0
75.97756811222414	0
75.97758482372252	0
75.97760153522274	0
75.9776182467248	0
75.97763495822868	0
75.97765166973442	0
75.97766838124198	0
75.9776850927514	0
75.97770180426264	0
75.97771851577572	0
75.97773522729064	0
75.9777519388074	0
75.97776865032598	0
75.97778536184644	0
75.9778020733687	0
75.9778187848928	0
75.97783549641874	0
75.97785220794654	0
75.97786891947616	0
75.97788563100762	0
75.9779023425409	0
75.97791905407604	0
75.97793576561304	0
75.97795247715184	0
75.97796918869248	0
75.97798590023498	0
75.9780026117793	0
75.97801932332548	0
75.97803603487348	0
75.9780527464233	0
75.97806945797498	0
75.9780861695285	0
75.97810288108386	0
75.97811959264106	0
75.97813630420008	0
75.97815301576094	0
75.97816972732366	0
75.9781864388882	0
75.97820315045458	0
75.97821986202278	0
75.97823657359286	0
75.97825328516474	0
75.97826999673848	0
75.97828670831404	0
75.97830341989146	0
75.9783201314707	0
75.97833684305178	1
75.97835355463472	0
75.97837026621946	0
75.97838697780606	0
75.9784036893945	0
75.97842040098478	0
75.97843711257688	0
75.97845382417084	0
75.97847053576662	0
75.97848724736424	0
75.9785039589637	0
75.978520670565	0
75.97853738216814	0
75.9785540937731	0
75.97857080537992	0
75.97858751698858	0
75.97860422859906	0
75.9786209402114	0
75.97863765182556	0
75.97865436344156	0
75.9786710750594	0
75.97868778667908	0
75.9787044983006	0
75.97872120992396	0
75.97873792154914	0
75.97875463317618	0
75.97877134480504	0
75.97878805643576	0
75.9788047680683	0
75.97882147970268	0
75.9788381913389	0
75.97885490297696	0
75.97887161461686	0
75.97888832625858	0
75.97890503790216	0
75.97892174954758	0
75.97893846119482	0
75.9789551728439	0
75.97897188449482	0
75.97898859614758	0
75.97900530780218	0
75.97902201945862	0
75.9790387311169	0
75.979055442777	0
75.97907215443896	0
75.97908886610274	0
75.97910557776838	0
75.97912228943584	0
75.97913900110512	0
75.97915571277626	0
75.97917242444924	0
75.97918913612406	0
75.9792058478007	0
75.9792225594792	0
75.97923927115954	0
75.9792559828417	0
75.9792726945257	0
75.97928940621154	0
75.97930611789922	0
75.97932282958874	0
75.9793395412801	0
75.9793562529733	0
75.97937296466832	0
75.9793896763652	0
75.9794063880639	0
75.97942309976446	0
75.97943981146682	0
75.97945652317106	0
75.9794732348771	0
75.97948994658502	0
75.97950665829474	0
75.97952337000632	0
75.97954008171972	0
75.97955679343498	0
75.97957350515206	0
75.97959021687098	0
75.97960692859176	0
75.97962364031434	0
75.9796403520388	0
75.97965706376506	0
75.97967377549318	0
75.97969048722312	0
75.97970719895492	0
75.97972391068854	0
75.979740622424	0
75.97975733416132	0
75.97977404590044	0
75.97979075764142	0
75.97980746938424	0
75.97982418112888	0
75.97984089287538	0
75.9798576046237	0
75.97987431637388	0
75.97989102812588	0
75.97990773987972	0
75.97992445163542	0
75.97994116339292	0
75.97995787515228	0
75.97997458691348	0
75.97999129867652	0
75.98000801044138	0
75.9800247222081	0
75.98004143397664	0
75.98005814574702	0
75.98007485751924	0
75.98009156929332	0
75.98010828106922	0
75.98012499284694	0
75.98014170462652	0
75.98015841640794	0
75.98017512819118	0
75.98019183997628	0
75.98020855176318	0
75.98022526355196	0
75.98024197534256	0
75.980258687135	0
75.98027539892928	0
75.9802921107254	0
75.98030882252334	0
75.98032553432314	0
75.98034224612476	0
75.98035895792824	0
75.98037566973354	0
75.98039238154068	0
75.98040909334966	0
75.98042580516046	0
75.98044251697314	0
75.98045922878762	0
75.98047594060394	0
75.9804926524221	0
75.98050936424212	0
75.98052607606396	0
75.98054278788764	0
75.98055949971318	0
75.98057621154052	0
75.98059292336972	0
75.98060963520076	0
75.98062634703362	0
75.98064305886834	0
75.9806597707049	0
75.98067648254328	0
75.9806931943835	0
75.98070990622556	0
75.98072661806946	0
75.9807433299152	0
75.98076004176276	0
75.98077675361218	0
75.98079346546344	0
75.98081017731654	0
75.98082688917146	0
75.98084360102822	0
75.98086031288682	0
75.98087702474726	0
75.98089373660954	1
75.98091044847366	0
75.9809271603396	0
75.9809438722074	0
75.98096058407702	0
75.9809772959485	0
75.98099400782182	0
75.98101071969694	0
75.98102743157392	0
75.98104414345276	0
75.9810608553334	0
75.9810775672159	0
75.98109427910024	0
75.98111099098638	0
75.9811277028744	0
75.98114441476424	0
75.98116112665592	0
75.98117783854944	0
75.98119455044482	0
75.981211262342	0
75.98122797424104	0
75.98124468614192	0
75.98126139804462	0
75.98127810994918	0
75.98129482185556	0
75.9813115337638	0
75.98132824567386	0
75.98134495758576	0
75.9813616694995	0
75.98137838141508	0
75.98139509333248	0
75.98141180525174	0
75.98142851717284	0
75.98144522909576	0
75.98146194102052	0
75.98147865294712	0
75.98149536487558	0
75.98151207680584	0
75.98152878873796	0
75.98154550067192	0
75.98156221260772	0
75.98157892454536	0
75.98159563648482	0
75.98161234842612	0
75.98162906036926	0
75.98164577231424	0
75.98166248426108	0
75.98167919620974	0
75.98169590816022	0
75.98171262011256	0
75.98172933206672	0
75.98174604402274	0
75.98176275598058	0
75.98177946794026	0
75.98179617990178	0
75.98181289186514	0
75.98182960383034	0
75.98184631579738	0
75.98186302776626	0
75.98187973973698	0
75.98189645170952	0
75.9819131636839	0
75.98192987566014	0
75.9819465876382	0
75.9819632996181	0
75.98198001159984	0
75.98199672358342	0
75.98201343556884	0
75.9820301475561	0
75.98204685954518	0
75.9820635715361	0
75.98208028352888	0
75.98209699552348	0
75.98211370751992	0
75.9821304195182	0
75.98214713151832	0
75.98216384352028	0
75.98218055552408	0
75.9821972675297	0
75.98221397953718	0
75.98223069154648	0
75.98224740355762	0
75.98226411557062	0
75.98228082758544	0
75.9822975396021	0
75.9823142516206	0
75.98233096364092	0
75.9823476756631	0
75.98236438768712	0
75.98238109971296	0
75.98239781174064	0
75.98241452377018	0
75.98243123580152	0
75.98244794783472	0
75.98246465986976	0
75.98248137190664	0
75.98249808394534	0
75.98251479598592	0
75.9825315080283	0
75.98254822007252	0
75.98256493211858	0
75.9825816441665	0
75.98259835621624	0
75.9826150682678	0
75.98263178032124	0
75.98264849237648	0
75.98266520443358	0
75.98268191649252	0
75.98269862855328	0
75.98271534061588	0
75.98273205268032	0
75.9827487647466	0
75.98276547681472	0
75.98278218888468	0
75.98279890095648	0
75.98281561303012	0
75.9828323251056	0
75.9828490371829	0
75.98286574926206	0
75.98288246134302	0
75.98289917342586	0
75.98291588551052	0
75.98293259759702	0
75.98294930968536	0
75.98296602177552	0
75.98298273386754	0
75.98299944596138	0
75.98301615805708	0
75.9830328701546	0
75.98304958225396	0
75.98306629435518	0
75.9830830064582	0
75.98309971856308	0
75.98311643066978	0
75.98313314277834	0
75.98314985488872	0
75.98316656700096	0
75.98318327911502	0
75.98319999123092	0
75.98321670334868	0
75.98323341546826	0
75.98325012758968	0
75.98326683971294	0
75.98328355183802	0
75.98330026396496	0
75.98331697609372	0
75.98333368822432	0
75.98335040035678	0
75.98336711249106	0
75.98338382462718	0
75.98340053676514	0
75.98341724890494	0
75.98343396104658	0
75.98345067319006	0
75.98346738533536	0
75.9834840974825	0
75.9835008096315	0
75.98351752178232	0
75.98353423393498	0
75.98355094608948	0
75.98356765824582	0
75.983584370404	0
75.98360108256402	0
75.98361779472586	0
75.98363450688954	0
75.98365121905508	0
75.98366793122244	0
75.98368464339164	0
75.9837013555627	0
75.98371806773556	0
75.98373477991026	0
75.98375149208682	0
75.9837682042652	0
75.98378491644544	0
75.9838016286275	0
75.98381834081142	0
75.98383505299716	0
75.98385176518474	0
75.98386847737416	0
75.98388518956542	0
75.98390190175852	0
75.98391861395346	0
75.98393532615022	0
75.98395203834882	0
75.98396875054928	0
75.98398546275156	0
75.98400217495568	0
75.98401888716164	0
75.98403559936944	0
75.98405231157908	0
75.98406902379056	0
75.98408573600386	0
75.98410244821902	0
75.984119160436	0
75.98413587265482	0
75.9841525848755	0
75.984169297098	0
75.98418600932234	0
75.9842027215485	0
75.98421943377652	0
75.98423614600638	0
75.98425285823808	0
75.9842695704716	0
75.98428628270696	0
75.98430299494416	0
75.9843197071832	0
75.98433641942408	0
75.98435313166682	0
75.98436984391136	0
75.98438655615774	0
75.98440326840598	0
75.98441998065604	0
75.98443669290796	0
75.9844534051617	0
75.98447011741728	0
75.9844868296747	0
75.98450354193396	0
75.98452025419506	0
75.98453696645798	0
75.98455367872276	0
75.98457039098936	0
75.98458710325782	0
75.9846038155281	0
75.98462052780024	0
75.9846372400742	0
75.98465395235	0
75.98467066462764	0
75.9846873769071	0
75.98470408918842	0
75.98472080147158	0
75.98473751375656	0
75.98475422604338	0
75.98477093833206	0
75.98478765062256	0
75.9848043629149	0
75.98482107520908	0
75.9848377875051	0
75.98485449980294	0
75.98487121210264	0
75.98488792440416	0
75.98490463670754	0
75.98492134901274	0
75.98493806131978	0
75.98495477362866	0
75.98497148593938	0
75.98498819825194	0
75.98500491056634	0
75.98502162288256	0
75.98503833520062	0
75.98505504752052	0
75.98507175984228	0
75.98508847216586	0
75.98510518449128	0
75.98512189681854	0
75.98513860914764	0
75.98515532147858	0
75.98517203381136	0
75.98518874614596	0
75.98520545848242	0
75.9852221708207	0
75.98523888316082	0
75.98525559550278	0
75.9852723078466	0
75.98528902019224	0
75.9853057325397	0
75.98532244488902	0
75.98533915724016	0
75.98535586959316	0
75.98537258194798	0
75.98538929430466	0
75.98540600666316	0
75.9854227190235	0
75.98543943138568	0
75.9854561437497	0
75.98547285611556	0
75.98548956848326	0
75.98550628085278	0
75.98552299322414	0
75.98553970559736	0
75.9855564179724	0
75.98557313034928	0
75.985589842728	0
75.98560655510856	0
75.98562326749096	0
75.9856399798752	0
75.98565669226126	0
75.98567340464916	0
75.98569011703892	0
75.98570682943048	0
75.98572354182392	0
75.98574025421918	0
75.98575696661626	0
75.98577367901522	0
75.985790391416	0
75.9858071038186	0
75.98582381622306	0
75.98584052862934	0
75.98585724103746	0
75.98587395344742	0
75.98589066585924	0
75.98590737827288	0
75.98592409068834	0
75.98594080310566	1
75.98595751552482	0
75.9859742279458	0
75.98599094036864	0
75.9860076527933	0
75.98602436521982	0
75.98604107764816	0
75.98605779007834	0
75.98607450251036	0
75.98609121494422	0
75.9861079273799	0
75.98612463981744	0
75.98614135225682	0
75.98615806469802	0
75.98617477714106	0
75.98619148958596	0
75.98620820203268	0
75.98622491448124	0
75.98624162693164	0
75.98625833938388	0
75.98627505183794	0
75.98629176429384	0
75.9863084767516	0
75.9863251892112	0
75.9863419016726	0
75.98635861413586	0
75.98637532660096	0
75.9863920390679	0
75.98640875153668	0
75.98642546400728	0
75.98644217647974	0
75.98645888895402	0
75.98647560143016	0
75.98649231390812	0
75.98650902638792	0
75.98652573886956	0
75.98654245135306	0
75.98655916383836	0
75.98657587632552	0
75.9865925888145	0
75.98660930130534	0
75.986626013798	0
75.98664272629252	0
75.98665943878886	0
75.98667615128704	0
75.98669286378706	0
75.98670957628892	0
75.98672628879262	0
75.98674300129816	0
75.98675971380552	0
75.98677642631474	0
75.98679313882578	0
75.98680985133866	0
75.98682656385338	0
75.98684327636994	0
75.98685998888834	0
75.98687670140858	0
75.98689341393066	0
75.98691012645456	0
75.98692683898032	0
75.98694355150792	0
75.98696026403734	0
75.9869769765686	0
75.9869936891017	0
75.98701040163662	0
75.9870271141734	0
75.98704382671202	0
75.98706053925248	0
75.98707725179476	0
75.98709396433888	0
75.98711067688486	0
75.98712738943266	0
75.9871441019823	0
75.98716081453378	0
75.9871775270871	0
75.98719423964226	0
75.98721095219926	0
75.98722766475808	0
75.98724437731876	0
75.98726108988126	0
75.9872778024456	0
75.98729451501178	0
75.98731122757982	0
75.98732794014968	0
75.98734465272136	0
75.9873613652949	0
75.98737807787028	0
75.98739479044748	0
75.98741150302654	0
75.98742821560742	0
75.98744492819014	0
75.98746164077472	0
75.98747835336112	0
75.98749506594936	0
75.98751177853944	0
75.98752849113134	0
75.9875452037251	0
75.98756191632068	0
75.9875786289181	0
75.98759534151736	0
75.98761205411848	0
75.98762876672142	0
75.9876454793262	0
75.9876621919328	0
75.98767890454126	0
75.98769561715154	0
75.98771232976368	0
75.98772904237764	0
75.98774575499344	0
75.9877624676111	0
75.98777918023058	0
75.9877958928519	0
75.98781260547504	0
75.98782931810004	1
75.98784603072688	0
75.98786274335556	0
75.98787945598606	0
75.98789616861842	0
75.98791288125258	0
75.98792959388862	0
75.98794630652648	0
75.98796301916618	0
75.98797973180772	1
75.98799644445108	0
75.9880131570963	0
75.98802986974334	0
75.98804658239224	0
75.98806329504296	0
75.98808000769552	0
75.98809672034992	0
75.98811343300616	0
75.98813014566424	2
75.98814685832416	0
75.9881635709859	0
75.9881802836495	0
75.98819699631494	0
75.9882137089822	0
75.9882304216513	0
75.98824713432224	0
75.98826384699504	0
75.98828055966964	0
75.9882972723461	0
75.98831398502438	0
75.9883306977045	0
75.98834741038648	0
75.98836412307028	0
75.98838083575592	0
75.9883975484434	0
75.98841426113274	0
75.98843097382388	0
75.98844768651688	0
75.98846439921172	0
75.98848111190838	0
75.9884978246069	0
75.98851453730726	0
75.98853125000944	0
75.98854796271346	0
75.98856467541934	1
75.98858138812702	0
75.98859810083656	0
75.98861481354794	0
75.98863152626114	0
75.9886482389762	0
75.98866495169308	0
75.98868166441182	0
75.98869837713238	0
75.98871508985478	0
75.98873180257904	0
75.9887485153051	0
75.98876522803302	0
75.98878194076278	0
75.98879865349436	0
75.9888153662278	0
75.98883207896306	0
75.98884879170016	0
75.9888655044391	0
75.9888822171799	0
75.98889892992252	0
75.98891564266698	0
75.98893235541328	0
75.9889490681614	0
75.98896578091136	0
75.98898249366316	0
75.98899920641682	0
75.9890159191723	0
75.98903263192962	0
75.98904934468878	0
75.98906605744978	0
75.9890827702126	0
75.98909948297728	0
75.9891161957438	0
75.98913290851216	0
75.98914962128232	0
75.98916633405436	0
75.98918304682822	1
75.98919975960392	0
75.98921647238146	0
75.98923318516084	0
75.98924989794206	0
75.9892666107251	0
75.98928332351	0
75.98930003629674	0
75.9893167490853	0
75.9893334618757	0
75.98935017466794	0
75.98936688746202	0
75.98938360025792	0
75.98940031305568	0
75.98941702585528	1
75.98943373865672	0
75.98945045145998	0
75.98946716426508	0
75.98948387707204	0
75.98950058988082	0
75.98951730269144	0
75.9895340155039	0
75.9895507283182	0
75.98956744113434	0
75.9895841539523	0
75.98960086677212	0
75.98961757959376	0
75.98963429241722	0
75.98965100524256	0
75.98966771806972	0
75.98968443089872	0
75.98970114372956	0
75.98971785656222	0
75.98973456939674	0
75.9897512822331	0
75.98976799507128	0
75.9897847079113	0
75.98980142075318	0
75.98981813359686	0
75.98983484644242	0
75.98985155928978	0
75.989868272139	0
75.98988498499006	0
75.98990169784294	0
75.98991841069768	0
75.98993512355424	0
75.98995183641264	0
75.9899685492729	0
75.98998526213498	0
75.9900019749989	0
75.99001868786466	0
75.99003540073224	0
75.99005211360168	0
75.99006882647294	0
75.99008553934606	0
75.990102252221	0
75.99011896509778	0
75.9901356779764	0
75.99015239085686	0
75.99016910373916	0
75.9901858166233	1
75.99020252950926	0
75.99021924239708	0
75.99023595528672	0
75.99025266817822	0
75.99026938107154	0
75.9902860939667	0
75.99030280686368	0
75.99031951976252	0
75.9903362326632	0
75.99035294556572	0
75.99036965847008	0
75.99038637137626	0
75.99040308428428	0
75.99041979719416	0
75.99043651010586	0
75.9904532230194	0
75.99046993593478	0
75.990486648852	0
75.99050336177106	0
75.99052007469194	0
75.99053678761468	0
75.99055350053924	0
75.99057021346566	0
75.9905869263939	0
75.99060363932398	0
75.9906203522559	0
75.99063706518966	0
75.99065377812526	0
75.9906704910627	0
75.99068720400196	0
75.99070391694306	0
75.99072062988602	0
75.9907373428308	0
75.99075405577742	0
75.99077076872588	0
75.99078748167618	0
75.99080419462832	0
75.9908209075823	0
75.9908376205381	0
75.99085433349576	0
75.99087104645524	0
75.99088775941658	0
75.99090447237974	0
75.99092118534474	0
75.99093789831156	0
75.99095461128024	0
75.99097132425076	0
75.9909880372231	0
75.9910047501973	0
75.99102146317334	0
75.9910381761512	0
75.9910548891309	0
75.99107160211244	0
75.99108831509582	0
75.99110502808104	0
75.9911217410681	0
75.99113845405698	0
75.99115516704772	0
75.99117188004028	0
75.9911885930347	0
75.99120530603094	0
75.99122201902902	0
75.99123873202896	1
75.9912554450307	0
75.99127215803432	0
75.99128887103974	0
75.99130558404702	0
75.99132229705612	0
75.99133901006708	0
75.99135572307986	0
75.99137243609448	0
75.99138914911094	0
75.99140586212924	0
75.9914225751494	0
75.99143928817136	0
75.99145600119518	0
75.99147271422082	0
75.99148942724832	0
75.99150614027764	0
75.99152285330882	0
75.99153956634182	0
75.99155627937666	0
75.99157299241332	0
75.99158970545184	0
75.99160641849218	0
75.99162313153438	0
75.9916398445784	0
75.99165655762428	0
75.99167327067198	0
75.99168998372154	0
75.99170669677292	0
75.99172340982612	0
75.99174012288118	0
75.99175683593808	0
75.99177354899682	0
75.99179026205738	0
75.9918069751198	0
75.99182368818404	0
75.99184040125014	0
75.99185711431806	0
75.99187382738782	0
75.99189054045942	0
75.99190725353284	0
75.99192396660812	0
75.99194067968524	0
75.99195739276418	0
75.99197410584496	0
75.9919908189276	0
75.99200753201206	0
75.99202424509836	0
75.9920409581865	0
75.99205767127648	0
75.9920743843683	0
75.99209109746194	0
75.99210781055744	0
75.99212452365478	0
75.99214123675392	0
75.99215794985494	0
75.99217466295778	0
75.99219137606246	0
75.99220808916898	0
75.99222480227734	0
75.99224151538752	0
75.99225822849954	0
75.9922749416134	0
75.99229165472912	0
75.99230836784666	0
75.99232508096604	0
75.99234179408728	0
75.99235850721034	0
75.99237522033522	1
75.99239193346196	0
75.99240864659054	0
75.99242535972094	0
75.99244207285318	0
75.99245878598728	0
75.9924754991232	1
75.99249221226096	0
75.99250892540056	0
75.992525638542	0
75.99254235168528	0
75.9925590648304	0
75.99257577797734	0
75.99259249112612	0
75.99260920427676	0
75.99262591742922	0
75.99264263058352	0
75.99265934373966	0
75.99267605689764	0
75.99269277005746	0
75.9927094832191	0
75.99272619638262	0
75.99274290954794	0
75.9927596227151	0
75.9927763358841	0
75.99279304905496	0
75.99280976222762	0
75.99282647540214	1
75.9928431885785	0
75.9928599017567	0
75.99287661493674	0
75.9928933281186	0
75.9929100413023	0
75.99292675448784	0
75.99294346767524	0
75.99296018086444	0
75.9929768940555	0
75.99299360724842	0
75.99301032044316	0
75.99302703363972	0
75.99304374683814	0
75.99306046003838	0
75.99307717324048	0
75.99309388644438	0
75.99311059965016	0
75.99312731285776	0
75.9931440260672	0
75.99316073927848	0
75.99317745249158	0
75.99319416570654	1
75.99321087892332	0
75.99322759214196	0
75.99324430536242	0
75.99326101858474	0
75.99327773180888	0
75.99329444503486	0
75.99331115826268	0
75.99332787149234	1
75.99334458472382	0
75.99336129795716	0
75.99337801119232	0
75.99339472442932	0
75.99341143766818	0
75.99342815090886	0
75.99344486415138	0
75.99346157739572	0
75.99347829064192	0
75.99349500388996	1
75.99351171713982	0
75.99352843039154	0
75.9935451436451	0
75.99356185690046	0
75.99357857015768	1
75.99359528341674	0
75.99361199667764	0
75.99362870994038	0
75.99364542320496	0
75.99366213647138	0
75.99367884973962	0
75.99369556300972	0
75.99371227628164	0
75.9937289895554	0
75.99374570283102	0
75.99376241610844	1
75.99377912938772	0
75.99379584266884	0
75.9938125559518	0
75.99382926923658	0
75.99384598252322	0
75.99386269581168	0
75.99387940910198	0
75.99389612239412	0
75.99391283568812	0
75.99392954898394	1
75.99394626228158	0
75.99396297558108	0
75.9939796888824	0
75.99399640218558	0
75.9940131154906	0
75.99402982879744	0
75.99404654210612	0
75.99406325541664	0
75.994079968729	0
75.9940966820432	0
75.99411339535924	0
75.9941301086771	0
75.99414682199682	0
75.99416353531836	0
75.99418024864176	0
75.99419696196698	0
75.99421367529402	0
75.99423038862292	0
75.99424710195366	0
75.99426381528626	0
75.99428052862066	0
75.9942972419569	0
75.994313955295	0
75.99433066863492	0
75.9943473819767	0
75.9943640953203	0
75.99438080866574	0
75.99439752201302	0
75.99441423536214	0
75.9944309487131	0
75.99444766206588	0
75.99446437542052	0
75.99448108877698	0
75.9944978021353	0
75.99451451549542	0
75.99453122885742	0
75.99454794222124	0
75.99456465558688	0
75.9945813689544	0
75.99459808232372	0
75.9946147956949	1
75.9946315090679	0
75.99464822244276	0
75.99466493581944	1
75.99468164919796	0
75.99469836257832	0
75.99471507596052	0
75.99473178934456	0
75.99474850273044	0
75.99476521611814	0
75.9947819295077	0
75.99479864289908	0
75.99481535629232	0
75.99483206968736	0
75.99484878308428	0
75.994865496483	0
75.99488220988358	0
75.994898923286	0
75.99491563669024	0
75.99493235009634	0
75.99494906350428	0
75.99496577691404	0
75.99498249032564	0
75.99499920373908	0
75.99501591715436	0
75.99503263057148	0
75.99504934399044	0
75.99506605741122	0
75.99508277083386	0
75.99509948425834	0
75.99511619768464	0
75.99513291111278	0
75.99514962454276	0
75.99516633797458	0
75.99518305140826	0
75.99519976484376	0
75.99521647828108	0
75.99523319172026	0
75.99524990516126	1
75.99526661860412	0
75.9952833320488	0
75.99530004549532	0
75.9953167589437	0
75.99533347239388	0
75.99535018584592	0
75.9953668992998	0
75.9953836127555	0
75.99540032621306	0
75.99541703967246	0
75.99543375313368	0
75.99545046659674	0
75.99546718006166	0
75.9954838935284	0
75.99550060699698	1
75.99551732046738	0
75.99553403393962	0
75.99555074741372	0
75.99556746088966	0
75.99558417436742	0
75.99560088784702	0
75.99561760132846	0
75.99563431481174	0
75.99565102829686	0
75.99566774178382	0
75.99568445527262	0
75.99570116876326	0
75.99571788225572	1
75.99573459575004	1
75.99575130924618	0
75.99576802274416	0
75.995784736244	0
75.99580144974564	1
75.99581816324914	1
75.9958348767545	0
75.99585159026166	1
75.99586830377066	0
75.99588501728152	0
75.9959017307942	0
75.99591844430874	0
75.9959351578251	0
75.9959518713433	1
75.99596858486334	0
75.99598529838522	0
75.99600201190894	0
75.99601872543448	0
75.99603543896188	0
75.9960521524911	0
75.99606886602218	0
75.99608557955508	0
75.99610229308982	2
75.9961190066264	2
75.99613572016482	1
75.99615243370506	0
75.99616914724714	0
75.99618586079108	2
75.99620257433686	0
75.99621928788446	1
75.9962360014339	1
75.99625271498518	0
75.9962694285383	0
75.99628614209326	0
75.99630285565006	0
75.9963195692087	0
75.99633628276916	0
75.99635299633148	0
75.99636970989562	0
75.99638642346162	0
75.99640313702944	1
75.9964198505991	0
75.9964365641706	1
75.99645327774394	1
75.9964699913191	2
75.99648670489614	4
75.99650341847498	0
75.99652013205566	1
75.9965368456382	0
75.99655355922256	2
75.99657027280876	1
75.9965869863968	0
75.99660369998668	1
75.9966204135784	2
75.99663712717196	0
75.99665384076734	0
75.99667055436458	2
75.99668726796364	1
75.99670398156454	2
75.99672069516728	0
75.99673740877186	2
75.9967541223783	3
75.99677083598654	1
75.99678754959664	1
75.99680426320858	1
75.99682097682234	2
75.99683769043794	4
75.99685440405538	4
75.99687111767468	2
75.9968878312958	5
75.99690454491876	2
75.99692125854356	2
75.9969379721702	4
75.99695468579866	3
75.99697139942898	3
75.99698811306112	6
75.9970048266951	7
75.99702154033094	6
75.9970382539686	7
75.9970549676081	6
75.99707168124944	2
75.99708839489262	5
75.99710510853762	5
75.99712182218448	3
75.99713853583318	10
75.9971552494837	17
75.99717196313606	10
75.99718867679026	21
75.99720539044632	16
75.99722210410418	20
75.9972388177639	22
75.99725553142546	27
75.99727224508886	46
75.99728895875408	67
75.99730567242116	78
75.99732238609006	118
75.99733909976082	162
75.9973558134334	216
75.99737252710782	290
75.99738924078406	277
75.99740595446218	359
75.9974226681421	358
75.99743938182388	337
75.99745609550748	333
75.99747280919294	270
75.9974895228802	228
75.99750623656932	175
75.99752295026028	111
75.99753966395308	117
75.99755637764772	75
75.9975730913442	57
75.99758980504252	59
75.99760651874266	46
75.99762323244464	42
75.99763994614848	24
75.99765665985414	30
75.99767337356164	21
75.99769008727098	14
75.99770680098216	14
75.99772351469518	10
75.99774022841002	17
75.99775694212672	4
75.99777365584526	5
75.99779036956562	7
75.99780708328782	8
75.99782379701186	5
75.99784051073776	7
75.99785722446546	6
75.99787393819502	3
75.99789065192642	2
75.99790736565964	5
75.99792407939472	2
75.99794079313162	2
75.99795750687038	3
75.99797422061096	5
75.99799093435338	6
75.99800764809764	3
75.99802436184374	1
75.99804107559168	1
75.99805778934144	3
75.99807450309306	1
75.9980912168465	2
75.9981079306018	0
75.99812464435892	2
75.99814135811786	4
75.99815807187866	1
75.9981747856413	0
75.99819149940578	1
75.9982082131721	0
75.99822492694024	2
75.99824164071024	0
75.99825835448206	0
75.99827506825572	1
75.99829178203124	4
75.99830849580858	1
75.99832520958776	1
75.99834192336878	1
75.99835863715164	2
75.99837535093632	1
75.99839206472286	0
75.99840877851122	1
75.99842549230142	1
75.99844220609348	0
75.99845891988736	1
75.99847563368308	0
75.99849234748062	1
75.99850906128002	0
75.99852577508126	1
75.99854248888434	0
75.99855920268924	0
75.99857591649598	1
75.99859263030458	0
75.998609344115	0
75.99862605792726	0
75.99864277174136	0
75.9986594855573	1
75.99867619937508	1
75.99869291319468	0
75.99870962701614	0
75.99872634083942	1
75.99874305466454	0
75.99875976849152	0
75.99877648232032	0
75.99879319615094	0
75.99880990998342	0
75.99882662381772	0
75.99884333765388	0
75.99886005149188	0
75.9988767653317	0
75.99889347917336	0
75.99891019301688	1
75.99892690686222	0
75.9989436207094	0
75.99896033455842	0
75.99897704840928	0
75.99899376226196	1
75.9990104761165	0
75.99902718997286	0
75.99904390383108	0
75.99906061769112	0
75.999077331553	0
75.99909404541674	0
75.9991107592823	0
75.99912747314968	1
75.99914418701892	0
75.99916090089	0
75.9991776147629	0
75.99919432863764	0
75.99921104251424	1
75.99922775639266	1
75.99924447027294	0
75.99926118415502	0
75.99927789803896	1
75.99929461192474	1
75.99931132581234	0
75.9993280397018	0
75.9993447535931	0
75.99936146748622	0
75.9993781813812	0
75.999394895278	0
75.99941160917664	0
75.99942832307712	0
75.99944503697942	0
75.99946175088356	0
75.99947846478956	0
75.9994951786974	0
75.99951189260706	0
75.99952860651856	0
75.99954532043192	0
75.99956203434708	0
75.9995787482641	0
75.99959546218298	0
75.99961217610366	0
75.9996288900262	0
75.99964560395056	0
75.99966231787678	0
75.99967903180482	0
75.9996957457347	1
75.99971245966644	0
75.9997291736	0
75.99974588753538	0
75.99976260147264	0
75.9997793154117	0
75.99979602935262	0
75.99981274329536	0
75.99982945723994	0
75.99984617118638	0
75.99986288513464	0
75.99987959908474	0
75.99989631303668	1
75.99991302699046	0
75.99992974094608	0
75.99994645490352	0
75.99996316886282	0
75.99997988282394	0
75.9999965967869	0
76.00001331075172	0
