Filename: Z:\2020-12-20\2020-12-20_055 76Sr with beam merging _ RT100_T846 - clipped_MS100.tof
Analyze-time: Fri Feb 19 17:35:51 2021

Range: 61
Start Peak: 6188
Block size: 4
Block-Min: 0
Int-Max: 0
Peak mass: Rb85:-1e
Treshold: 0
Method: Gaussian Mean
a: 0.08554320834809824
t0: -0.174931057477
b: 0.575849041251
T: 800

Area1: 1 - 896

B Positions (center Block):
MS	B	Intensity	Peakposition (us)	Peakposition alt (u)	Peakposition corrected (u)	Fit Sigma (us)	Fit Amplitude
3	0.5758495953876034	48	14545.739549443748	84.91140423125398	84.91124116583198	0.006148354724740464	4.371770214851706
7	0.5758499058058942	55	14545.74737341269	84.91149557791334	84.91124116583198	0.012617060739107078	2.698352867710429
11	0.5758501709946212	42	14545.754057388546	84.91157361492688	84.91124116583202	0.008809744554686024	2.871902740668117
15	0.5758499817332834	55	14545.749287132184	84.91151792104156	84.91124116583202	0.007105811461698924	4.075650398991397
19	0.5758496348071524	52	14545.740542997728	84.91141583122534	84.91124116583204	0.005634578409275856	5.050075730744646
23	0.5758493616675614	43	14545.733658623518	84.91133545458844	84.91124116583202	0.007159271221401384	3.463116053918259
27	0.5758495694277908	35	14545.73889513705	84.91139659207316	84.911241165832	0.011990925441412964	1.87851322328846
31	0.5758502439865004	59	14545.755897119686	84.91159509423336	84.911241165832	0.006956583156728068	4.37119966333448
35	0.5758501845500058	46	14545.754399046596	84.91157760386714	84.911241165832	0.006913900579847554	4.160375168688242
39	0.575850151098811	56	14545.753555922602	84.91156776019102	84.91124116583198	0.008255925207539628	3.83222996292189
43	0.575850312827423	55	14545.757632227624	84.9116153520411	84.91124116583198	0.0087287294953011	3.515727898358205
47	0.575850073656432	63	14545.751604018402	84.91154497124068	84.911241165832	0.007436677472350898	4.619358653552252
51	0.575854862746178	45	14545.87231111111	84.91295426129346	84.91124116583202	-0.002020845627510346	-5
59	0.5758509431259732	2	14545.773518650634	84.9118008300112	84.91124116583202	-0.002020845627510346	-5
63	0.5758497736479146	51	14545.744042423636	84.91145668783444	84.911241165832	0.0004709763930638368	13.953740429382702
67	0.5758498829680378	49	14545.746797793644	84.91148885742528	84.911241165832	0.008700229748471354	3.456167786402933
71	0.5758496438476456	46	14545.740770859742	84.91141849156692	84.91124116583202	0.006364957170114886	4.637334840163334
75	0.5758497970366154	43	14545.744631926496	84.91146357041802	84.911241165832	0.007271903692024424	3.443203742084312
79	0.5758497101054054	42	14545.742440860096	84.91143798920744	84.911241165832	0.00872565558349269	2.923050488959332
83	0.5758492780215268	51	14545.731550358652	84.91131084012354	84.91124116583202	0.005185096949283198	3.771530057974777
87	0.5758484947385772	48	14545.711808025006	84.91108034412602	84.91124116583198	0.005384361938024192	5.019054962269956
91	0.5758486191742266	45	14545.71494437581	84.91111696167628	84.911241165832	0.005943162798654904	4.352750806827093
95	0.575848612475647	50	14545.714775540788	84.91111499049194	84.91124116583202	0.0068313466768469	3.672678130040004
99	0.5758488667585454	42	14545.721184639598	84.91118981808198	84.91124116583204	-0.004866617160265986	5.667778744950066
103	0.5758489516746136	40	14545.723324915154	84.91121480626104	84.91124116583198	0.006999508222026722	3.54995842938744
107	0.575849249556488	47	14545.730832908728	84.91130246373568	84.91124116583202	0.005958517380702764	3.439813733583889
111	0.5758488785683388	54	14545.721482300722	84.9111932933396	84.91124116583198	0.010938737083138932	2.616256933891915
115	0.5758492302401406	44	14545.730346047912	84.91129677952732	84.91124116583202	0.007083608537702722	4.350733617592424
119	0.575849395824913	37	14545.734519545912	84.91134550605138	84.91124116583204	0.005054146256760502	4.956930864007186
123	0.5758489513512802	47	14545.723316765664	84.91121471111398	84.91124116583202	0.006564168812235142	2.948726094417929
127	0.5758487945197406	39	14545.719363889398	84.91116856043326	84.91124116583198	0.011434490125844324	2.656104367729002
131	0.5758536884501964	38	14545.842713450292	84.91260869900152	84.911241165832	0.009946000337624654	2.217124825959489
135	0.5758497822943896	11	14545.744260354586	84.91145923222916	84.91124116583202	-0.004293495937485699	-2.222222222222225
139	0.5758493072852758	54	14545.732287939748	84.91131945154776	84.91124116583202	0.01639622539543924	0.7677132404886712
143	0.5758521971542998	42	14545.805125933336	84.91216985356058	84.91124116583202	0.005237175385075402	5.619440523718198
147	0.5758487403498694	48	14545.717998559452	84.91115261991536	84.91124116583202	-0.0002859460319929321	1.101838126377405
151	0.5758488632464314	53	14545.721096118166	84.9111887845752	84.91124116583202	0.004180777643049769	6.600065371519226
155	0.575849014847254	56	14545.724917156306	84.91123339602256	84.911241165832	0.008055847756525136	3.787108539120559
159	0.5758490481694244	55	14545.72575702829	84.91124320171134	84.91124116583202	-0.006025260166712038	5.470201311589918
163	0.5758491957980706	55	14545.729477949308	84.91128664428338	84.91124116583204	0.00795289652055773	4.273502908919338
167	0.575849142215724	45	14545.728127427676	84.91127087664472	84.911241165832	-0.002116614457686292	10.151526766862726
171	0.5758486905349902	44	14545.716742995334	84.91113796093816	84.911241165832	0.007888859491653724	3.615601604942002
175	0.575848700916461	46	14545.717004656154	84.9111410158836	84.91124116583198	0.011210585641108964	2.327256157308983
179	0.57584881898575	54	14545.71998054539	84.91117576002378	84.911241165832	0.007400051991287298	3.97342269242787
183	0.575849108907169	55	14545.72728789886	84.91126107496092	84.911241165832	0.007001420805110186	4.291659792674756
187	0.5758486937343076	44	14545.716823632848	84.9111389023982	84.91124116583198	0.006965584087361494	4.356548675064451
191	0.5758487649403428	67	14545.718618352502	84.91115985613104	84.91124116583202	0.004953408292144138	4.797986675729512
195	0.5758487147110714	44	14545.717352343794	84.91114507521044	84.911241165832	0.005901187734756722	6.511087819678816
199	0.5758485985252916	57	14545.714423927654	84.91111088533488	84.911241165832	0.009187251556759414	2.563307886369407
203	0.575849176175347	49	14545.728983366404	84.91128086991844	84.91124116583202	0.011431313578132648	3.062688840595871
207	0.5758490839790784	44	14545.726659596302	84.91125373939056	84.911241165832	0.006982617312087302	3.884150663434045
211	0.5758497802667868	50	14545.74420924967	84.91145863556734	84.91124116583202	0.007239167744914394	3.258359206938401
215	0.5758497680433016	45	14545.743901161606	84.9114550385673	84.91124116583202	0.00796940705110964	3.783809510901718
219	0.5758554562886202	50	14545.88727111111	84.9131289244142	84.91124116583202	0.008968519132928974	2.957501109208318
227	0.5758537339549874	1	14545.84386038036	84.91262208976904	84.911241165832	0.0011448899156007514	-11.111111111111114
235	0.5758498938340672	32	14545.747071667574	84.91149205496796	84.91124116583202	0.0011448899156007514	-11.111111111111114
239	0.5758501907091764	45	14545.754554286032	84.91157941632506	84.91124116583202	-7.238006769472422e-05	0.9431679622008838
243	0.5758499965864124	51	14545.749661499364	84.91152229186738	84.911241165832	0.05283779407493974	9.649999742725302e+21
247	0.5758537145190076	57	14545.843370504256	84.91261637031206	84.911241165832	0.00689010949935782	4.217796447215682
251	0.575850347930306	48	14545.75851698176	84.91162568176206	84.91124116583202	0.008111373848438826	3.489412363007106
255	0.575850372282972	63	14545.759130780968	84.91163284801834	84.911241165832	0.01083648962983567	2.777376887419786
259	0.575850034145329	52	14545.75060815684	84.91153334431894	84.91124116583204	-0.0002990968399958002	1.0048749368492192
263	0.5758502330288526	35	14545.755620936558	84.91159186972828	84.91124116583202	0.008669895145901284	3.444168573051245
267	0.575854030870128	44	14545.851344007792	84.91270946348754	84.911241165832	-0.005361768194232052	6.515513204727384
271	0.5758506531658648	40	14545.766210322004	84.91171550341768	84.91124116583202	0.004369349636107953	6.69029035669418
275	0.5758500750415906	61	14545.751638930764	84.91154537885088	84.91124116583202	0.003923122621747761	4.19249429716654
279	0.5758501041389952	43	14545.752372319218	84.9115539413369	84.911241165832	-0.0002981292856550713	1.0177927670361846
283	0.5758505279251858	46	14545.76305368075	84.91167864884232	84.911241165832	0.007095310826752126	3.320159763971269
287	0.5758506578788826	52	14545.766329111732	84.9117168903176	84.911241165832	0.011956843846670306	3.233293546007544
291	0.5758504507181922	43	14545.761107709344	84.9116559291439	84.91124116583202	0.00517896538291347	3.853697026074432
295	0.5758506456397236	52	14545.766020628626	84.91171328869984	84.91124116583202	0.008050087145884142	3.513030866250772
299	0.5758511038099846	65	14545.777568626908	84.91184811453162	84.91124116583202	0.006180655172833238	4.84248544795831
303	0.5758510450228154	47	14545.776086919806	84.91183081521646	84.91124116583202	0.00675222278866682	3.378642243845797
307	0.5758504491928862	51	14545.761069264616	84.9116554802922	84.91124116583202	0.007684899896690046	3.850901906227021
311	0.5758501401371368	56	14545.75327963799	84.91156453450164	84.91124116583202	0.006665440829101942	5.721398849679122
315	0.5758502310666208	53	14545.755571479288	84.91159129230268	84.91124116583204	0.00484343090761241	5.193736880463962
319	0.5758506336261076	51	14545.765717830236	84.91170975345272	84.91124116583202	0.008151410578099792	3.799086212097895
323	0.575850491386822	51	14545.762132745902	84.91166789669936	84.91124116583202	0.007146756951898978	4.444929867201621
327	0.5758502942053746	41	14545.757162866338	84.91160987213354	84.911241165832	0.007789213427933002	4.323801777691694
331	0.5758503365394346	39	14545.758229879396	84.9116223297717	84.91124116583202	0.008114881416841336	3.650894199888045
335	0.575850566227439	55	14545.764019073738	84.91168992004582	84.91124116583202	0.006064858403741442	4.721092392186794
339	0.5758503168916	54	14545.75773466358	84.91161654800592	84.91124116583202	0.005867621110823822	3.835302975030755
343	0.5758502461761428	44	14545.755952308748	84.91159573857908	84.911241165832	0.008624007709630928	2.527778575588386
347	0.575850502617657	57	14545.762415814608	84.9116712015967	84.91124116583202	0.006840380472888026	4.33475414929484
351	0.575850654671787	47	14545.766248278172	84.91171594656548	84.911241165832	0.005722998405415424	4.559840491670242
355	0.5758504173567246	39	14545.760266846888	84.9116461118673	84.91124116583202	0.005888094258204806	3.885898428579806
359	0.575850567602523	47	14545.764053732178	84.91169032469176	84.91124116583202	0.006482877578865686	5.026333030514964
363	0.5758510691861812	58	14545.776695947784	84.91183792577606	84.91124116583204	0.011043141388767054	2.575734418065775
367	0.575851228189704	54	14545.780703568022	84.91188471578892	84.91124116583202	0.006629253641614546	3.475581320927893
371	0.5758508516267736	55	14545.771212449884	84.91177390452688	84.91124116583198	0.004605997646775786	5.088925127843456
375	0.5758507976044328	54	14545.769850838374	84.91175800736586	84.911241165832	0.007404138474777332	4.167271046329567
379	0.5758509353883582	56	14545.773323627138	84.91179855306178	84.91124116583202	0.006628090312608776	4.667983950825218
383	0.5758509798526866	38	14545.774444332766	84.91181163758834	84.91124116583202	0.00757526038152365	4.103277532735048
387	0.5758511329109704	50	14545.778302105626	84.91185667808674	84.91124116583202	0.009204971426251976	3.402166092147599
391	0.5758507195678176	53	14545.767883956686	84.91173504352402	84.91124116583202	0.008267883042413792	3.883075267875294
395	0.575851011389253	45	14545.775239199312	84.91182091786038	84.911241165832	0.01036673688778126	2.257514955481213
399	0.5758508651735902	59	14545.77155389198	84.91177789095054	84.91124116583202	0.012098225449891752	2.633098095046919
403	0.575851082963951	53	14545.777043210966	84.91184198016388	84.91124116583204	0.008685291893638564	3.52755531765177
407	0.5758508395238914	43	14545.770907401572	84.91177034301006	84.911241165832	0.007161552134011148	3.67038951870462
411	0.5758507623622164	54	14545.7689625724	84.91174763663524	84.91124116583198	0.005108608627083828	5.25654092754644
415	0.5758509095048732	51	14545.772671244248	84.91179093632416	84.91124116583204	0.00772153526806659	4.034276884539725
419	0.5758511500024108	53	14545.77873288855	84.91186170758982	84.91124116583202	0.009758633957164396	2.698914230487517
423	0.5758511167754558	48	14545.77789541643	84.91185192988436	84.91124116583202	0.007601063944224042	3.93011993268458
427	0.5758511699794618	51	14545.779236402134	84.91186758624252	84.91124116583198	0.007432470078620268	3.559699341867633
431	0.5758507500198234	53	14545.768651487316	84.91174400463814	84.91124116583202	-0.005346882700941368	5.671196256166882
435	0.5758502932116754	45	14545.757137820544	84.9116095797178	84.91124116583198	0.007944700443461566	3.836428246042503
439	0.5758500607328054	52	14545.751278283554	84.9115411682084	84.91124116583202	0.010486829619239364	2.997059728487842
443	0.5758501858002074	55	14545.754430557432	84.91157797176376	84.911241165832	0.00840255663671152	3.503342499191
447	0.5758505806023408	44	14545.76438138739	84.9116941501481	84.91124116583202	0.008603504149044788	3.214300917970921
451	0.5758508577079802	52	14545.771365724262	84.91177569404438	84.91124116583202	0.008084798648346998	3.654265608207142
455	0.5758510237929614	57	14545.775551829824	84.91182456790244	84.91124116583204	0.007296462301523	4.424290839154072
459	0.5758507734576688	54	14545.769242228842	84.9117509016951	84.91124116583202	0.013934677490003038	2.006086913435426
463	0.575850588989919	56	14545.764592792944	84.91169661836076	84.91124116583202	0.00716954656942065	4.205413080174879
467	0.5758505306491326	40	14545.763122336742	84.9116794504181	84.91124116583202	0.004784328014573016	6.007619630208888
471	0.5758503130166232	40	14545.757636996338	84.91161540771702	84.911241165832	0.008198293193544288	3.97506220413414
475	0.5758502983893848	32	14545.75726832264	84.91161110336162	84.911241165832	0.006040947607393848	5.31071691669681
479	0.57585029867469	59	14545.757275513646	84.91161118731834	84.91124116583202	0.006502850979623384	3.247866183472711
483	0.5758503210635828	42	14545.75783981674	84.91161777569476	84.911241165832	0.006335136167988106	3.844167413375688
487	0.5758506384520278	48	14545.765839465624	84.91171117357638	84.911241165832	0.003272474820179867	4.467916975484784
491	0.5758503652461804	34	14545.758953421452	84.91163077730246	84.91124116583202	0.004155041418513952	6.24284045317962
495	0.5758506352441822	64	14545.76575861316	84.91171022960356	84.91124116583202	0.00907131515165714	2.836464594085506
499	0.5758509003746102	58	14545.772441119618	84.91178824956014	84.91124116583202	0.007969939710365848	3.366357400203982
503	0.575850929671421	47	14545.773179534024	84.91179687073768	84.911241165832	0.006617222115439928	2.612855198244919
507	0.5758510117023202	50	14545.775247090048	84.91182100998676	84.911241165832	0.012429457587779222	2.958029184148776
511	0.5758503462053892	46	14545.75847350592	84.91162517417096	84.91124116583202	0.00725549306203947	4.641457983584324
515	0.5758503293383988	54	14545.758048380166	84.91162021072376	84.91124116583198	0.00701304104677225	4.059931478732978
519	0.5758562078899492	46	14545.906214922168	84.91335010015048	84.91124116583202	0.006451489507859724	3.728050898218976
523	0.5758529587962774	1	14545.824322814926	84.91239398272162	84.91124116583202	0.007670128812965476	3.527532588765236
527	0.5758500004331664	50	14545.749758455256	84.91152342385048	84.91124116583202	0.008643439188372	3.861008658163391
531	0.5758502087829516	47	14545.755009828312	84.91158473489138	84.911241165832	0.0004953148766915476	-13.456790123456794
535	0.5758504300130372	49	14545.760585844188	84.91164983623942	84.91124116583202	-0.0002863878719929203	1.096311917421867
539	0.5758504406198004	43	14545.760853183416	84.91165295749084	84.911241165832	0.00825812582892356	3.783236547422759
543	0.575850314004095	46	14545.757661885172	84.91161569830024	84.91124116583202	0.005886007207181424	4.734183545354826
547	0.5758504004710716	42	14545.75984125075	84.91164114292762	84.911241165832	0.006100909924172624	4.858559924303668
551	0.5758507681645698	55	14545.769108818394	84.91174934409432	84.91124116583202	0.004516930181329776	4.940417403785438
555	0.5758505681626252	59	14545.76406784933	84.91169048951302	84.91124116583202	0.008147210776877304	3.387591142198938
559	0.5758503331385636	41	14545.758144161806	84.91162132899782	84.91124116583204	0.006737855535895612	3.184737889540886
563	0.5758502229411634	53	14545.755366680382	84.91158890122578	84.911241165832	0.005930170060929948	4.898576848497588
567	0.5758502263334988	50	14545.755452182838	84.9115898994877	84.91124116583202	0.00754021061367647	4.789009704650558
571	0.5758504426097548	39	14545.76090333942	84.91165354307458	84.91124116583202	0.008310700364656658	3.160428799851492
575	0.575850809470739	47	14545.770149923878	84.91176149926514	84.91124116583202	0.006575072749594492	4.913438357902706
579	0.5758508582683378	43	14545.77137984785	84.9117758589409	84.91124116583202	0.005753717859545836	4.791627338000304
583	0.5758502197879672	53	14545.755287205332	84.9115879733353	84.91124116583202	0.01127193747081195	2.076528415641192
587	0.5758498765654888	48	14545.74663641996	84.9114869733495	84.911241165832	0.0077602784335511	3.442744228768294
591	0.5758502158069362	45	14545.755186865036	84.91158680183802	84.91124116583198	0.011068802146246656	2.475798609096329
595	0.5758504658854384	48	14545.761489993722	84.91166039240852	84.91124116583202	0.011719263956451902	2.755686326349193
599	0.575850414311452	49	14545.760190092008	84.91164521573518	84.91124116583202	0.00704437055478674	3.809623951561477
603	0.5758503214507652	45	14545.757849575514	84.91161788963082	84.91124116583198	0.008327882644518388	3.312548396160592
607	0.5758508870328388	43	14545.772104845598	84.91178432347486	84.91124116583198	0.00919055889898454	2.947976612993001
611	0.5758507047479536	56	14545.767510427936	84.9117306824816	84.91124116583198	0.006168400730010986	4.316199657262868
615	0.5758501781175504	43	14545.754236919132	84.91157571098982	84.911241165832	0.0078780165937081	3.314389830988799
619	0.5758502581524476	47	14545.756254166724	84.91159926284428	84.91124116583204	0.005754239225938632	4.272499553836623
623	0.5758510760697596	53	14545.776869445624	84.91183995140836	84.91124116583198	0.007904700914439636	4.216006989931804
627	0.5758501875566424	37	14545.754474827674	84.91157848862954	84.91124116583202	0.006895239655386004	3.947323036108146
631	0.575850019896604	48	14545.750249023424	84.91152915135066	84.91124116583202	0.009296681030106062	2.814412579408432
635	0.5758502832760272	41	14545.756887396506	84.91160665595612	84.91124116583202	0.00484529313565153	5.502027535658742
639	0.5758509710664844	49	14545.774222880048	84.9118090520708	84.911241165832	0.00737163749042166	3.042999426491775
643	0.57585107334249	44	14545.776800705888	84.91183914885408	84.911241165832	0.0081613252444895	3.430199372901436
647	0.5758503303799396	43	14545.758074631788	84.91162051721788	84.91124116583202	0.007226139587584376	3.437063231165072
651	0.5758503422590022	47	14545.758374038814	84.91162401286816	84.91124116583202	0.00565987388436572	4.982057257579292
655	0.5758540323291468	49	14545.851380781778	84.9127098928356	84.91124116583202	0.008899326011141192	2.732504351312423
659	0.5758418922918308	21	14545.545395993954	84.90913746025336	84.91124116583202	0.006144269824208946	4.007689635228804
683	0.5758460874521684	1	14545.651133333332	84.91037195599052	84.91124116583202	0.006746784147324926	4.37235525126055
687	0.575849631908744	30	14545.740469944502	84.91141497831208	84.911241165832	-0.0002902084674009182	1.0021949801446144
691	0.5758502266918604	51	14545.7554612152	84.9115900049427	84.911241165832	0.03743458943547694	18060525.7404529
695	0.575850369957579	45	14545.75907217037	84.9116321637252	84.91124116583202	0.03743458943547694	18060525.7404529
699	0.575849669325028	46	14545.741413006984	84.91142598878428	84.911241165832	0.03743458943547694	18060525.7404529
703	0.5758503835477808	74	14545.759414705972	84.91163616291246	84.91124116583202	0.03743458943547694	18060525.7404529
707	0.5758504056317006	63	14545.759971322342	84.91164266154546	84.911241165832	0.03743458943547694	18060525.7404529
711	0.5758508369953544	51	14545.770843670808	84.91176959893714	84.91124116583198	0.03743458943547694	18060525.7404529
715	0.5758504544930164	68	14545.76120285228	84.9116570399612	84.91124116583204	0.01964525747291724	0
719	0.5758538404839522	59	14545.846545400332	84.91265343822174	84.91124116583202	0.004003667208731805	4.066508753983397
723	0.57585074390718	42	14545.768497420582	84.91174220587004	84.91124116583202	0.01096828338688328	2.756387049446523
727	0.5758507660667694	50	14545.769055944176	84.9117487267744	84.911241165832	0.004225016251783969	5.16392023772917
731	0.5758508164362794	59	14545.770325487544	84.9117635490156	84.91124116583202	0.008562949289254356	3.214966110228385
735	0.575850168415458	55	14545.753992381774	84.9115728559571	84.91124116583202	0.009445610155712526	4.904204969259538
739	0.575853840041497	60	14545.846534248426	84.91265330801972	84.911241165832	0.003899117477431122	7.992527472226004
743	0.575850196575345	34	14545.754702140462	84.9115811425613	84.91124116583198	0.01200673627829705	2.724294981984895
747	0.5758502128841974	43	14545.755113198572	84.91158594176424	84.911241165832	0.007902981114738108	5.06150022946217
751	0.5758501364312128	41	14545.753186231656	84.9115634439602	84.91124116583202	-0.0003035518251885278	1.016307325185156
755	0.5758500224947966	56	14545.750314509828	84.91152991592004	84.911241165832	0.005816808578981122	4.372668120063074
759	0.5758502429973812	45	14545.755872189334	84.91159480316544	84.91124116583202	0.008036380490777302	3.463153441115568
763	0.5758495995115194	47	14545.739653385404	84.9114054447967	84.91124116583202	0.007387786606914522	4.431900538806934
767	0.5758497603939106	35	14545.743708361766	84.9114527875842	84.91124116583198	0.005265337623764366	5.41037940532011
771	0.5758501079395232	43	14545.752468110006	84.91155505971732	84.911241165832	-0.0002511544596704719	1.0348624983165376
775	0.5758503951590526	41	14545.759707363436	84.9116395797603	84.91124116583202	0.008480755691050728	2.981638920319926
779	0.57585036317537	43	14545.758901227498	84.91163016792524	84.91124116583198	0.007176146240546488	3.403231865914824
783	0.5758499565269994	58	14545.748651817872	84.9115105035962	84.911241165832	0.008425976560341814	2.791602718408714
787	0.5758500494295882	51	14545.750993390484	84.9115378420137	84.91124116583202	0.007235396346907744	4.886494685677588
791	0.5758499115879876	44	14545.74751914804	84.91149727940798	84.911241165832	0.004965931279145126	4.714852766791878
795	0.575850280465609	49	14545.75681656104	84.9116058289348	84.91124116583202	0.008239503000186872	3.352464864082988
799	0.5758501714643828	46	14545.754069228704	84.91157375316358	84.91124116583204	0.007764052528150792	2.476160738021416
803	0.5758500591829664	57	14545.751239220482	84.9115407121377	84.91124116583202	0.005756206830942866	4.579938824775722
807	0.5758499345153746	52	14545.748097023666	84.91150402624248	84.91124116583202	0.008809045845298896	2.347099559888142
811	0.5758498596408824	52	14545.746209842018	84.9114819929517	84.91124116583202	0.009094523326946302	2.990977143927358
815	0.575850217350229	53	14545.75522576311	84.91158725598248	84.91124116583198	0.007661223810204344	4.67159110385557
819	0.5758500045406234	49	14545.749861982068	84.91152463255066	84.911241165832	0.007892536156339358	3.472787261825455
823	0.5758538948535496	46	14545.847915764306	84.91266943765438	84.91124116583202	0.010068199114153082	2.784708526279987
827	0.5758492030001566	25	14545.729659475006	84.91128876363616	84.91124116583202	0.005762669662669352	4.845670099269038
831	0.5758496929737742	46	14545.74200906418	84.91143294789	84.911241165832	0.008059623935732318	3.332121383298963
835	0.5758502100918376	58	14545.755042818258	84.91158512005702	84.91124116583202	0.010671888991166888	3.298142440439173
839	0.5758506075204346	61	14545.765059847182	84.91170207133576	84.91124116583204	0.007964706680603252	3.958888650893192
843	0.5758508773020252	43	14545.771859584336	84.9117814599869	84.911241165832	0.01002097964151731	3.016418233543204
847	0.5758508635308968	55	14545.771512488548	84.9117774075549	84.911241165832	0.005885957711144708	4.810692211111204
851	0.5758504250855624	38	14545.760461649156	84.91164838623178	84.91124116583202	0.006535726125647514	4.436879759950497
855	0.5758502544252088	51	14545.756160223156	84.9115981660303	84.911241165832	0.0005281404675822178	22.27187878116182
859	0.5758502431934162	52	14545.755877130316	84.9115948608526	84.911241165832	0.01987022392806615	4.131720618611166
863	0.5758501484837714	45	14545.753490011574	84.9115669906639	84.91124116583198	0.010459402027810078	2.377118355633968
867	0.5758500427449282	44	14545.7508249063	84.9115358749206	84.91124116583198	0.010959475917757546	3.375565743302743
871	0.5758498373810918	54	14545.745648792894	84.9114754425714	84.911241165832	0.007537739994913356	4.88351166045788
875	0.5758536812974406	49	14545.842533167944	84.91260659414876	84.91124116583202	0.007601866213534588	3.560856448791564
879	0.5758501626649756	52	14545.75384744316	84.91157116376382	84.911241165832	0.009340450980359872	3.595504581663207
883	0.575849769177501	41	14545.743929748652	84.91145537232774	84.91124116583202	0.008230273019255524	2.826866696691974
887	0.5758496259735136	49	14545.740320349392	84.91141323175472	84.91124116583202	0.007854379731647066	3.762025463477719
891	0.5758500249040216	61	14545.750375233384	84.911530624882	84.911241165832	0.006512923536214846	4.641600557399386
895	0.575849869715893	48	14545.746463778632	84.91148495772138	84.91124116583202	0.007988464413977666	3.229511615066879

Error Parameters
startMS: 1
stopMS: 1
fitSlope: 6.183162755673406e-10
fitSlope [#/s]: 5.534579249833538e-10
fitShift: 0.5758500657625496
tEffBlock: 4.641340782122906
tEffStart: 0
tEffStop: 895
tFitStdev: 2.049922018656483e-06
blockSum: 10283
blockCnt: 216

List of B
MS	B	Peak(us)	Intensity	Mode
1	0.5758495953876034	14545.739549443748	48	START	ch1
2	0.5758495953876034	14545.739549443748	48	START	ch1
3	0.5758495953876034	14545.74737341269	55	1-0	ch1
4	0.575849672992176	14545.74737341269	55	1-0	ch1
5	0.5758497505967488	14545.74737341269	55	1-0	ch1
6	0.5758498282013216	14545.74737341269	55	1-0	ch1
7	0.5758499058058942	14545.754057388546	42	2-4	ch1
8	0.575849972103076	14545.754057388546	42	2-4	ch1
9	0.5758500384002576	14545.754057388546	42	2-4	ch1
10	0.5758501046974394	14545.754057388546	42	2-4	ch1
11	0.5758501709946212	14545.749287132184	55	3-8	ch1
12	0.5758501236792868	14545.749287132184	55	3-8	ch1
13	0.5758500763639522	14545.749287132184	55	3-8	ch1
14	0.5758500290486178	14545.749287132184	55	3-8	ch1
15	0.5758499817332834	14545.740542997728	52	4-12	ch1
16	0.5758498950017508	14545.740542997728	52	4-12	ch1
17	0.575849808270218	14545.740542997728	52	4-12	ch1
18	0.5758497215386852	14545.740542997728	52	4-12	ch1
19	0.5758496348071524	14545.733658623518	43	5-16	ch1
20	0.5758495665222546	14545.733658623518	43	5-16	ch1
21	0.575849498237357	14545.733658623518	43	5-16	ch1
22	0.5758494299524592	14545.733658623518	43	5-16	ch1
23	0.5758493616675614	14545.73889513705	35	6-20	ch1
24	0.5758494136076188	14545.73889513705	35	6-20	ch1
25	0.575849465547676	14545.73889513705	35	6-20	ch1
26	0.5758495174877334	14545.73889513705	35	6-20	ch1
27	0.5758495694277908	14545.755897119686	59	7-24	ch1
28	0.5758497380674682	14545.755897119686	59	7-24	ch1
29	0.5758499067071456	14545.755897119686	59	7-24	ch1
30	0.575850075346823	14545.755897119686	59	7-24	ch1
31	0.5758502439865004	14545.754399046596	46	8-28	ch1
32	0.5758502291273766	14545.754399046596	46	8-28	ch1
33	0.575850214268253	14545.754399046596	46	8-28	ch1
34	0.5758501994091294	14545.754399046596	46	8-28	ch1
35	0.5758501845500058	14545.753555922602	56	9-32	ch1
36	0.575850176187207	14545.753555922602	56	9-32	ch1
37	0.5758501678244082	14545.753555922602	56	9-32	ch1
38	0.5758501594616096	14545.753555922602	56	9-32	ch1
39	0.5758501510988108	14545.757632227624	55	10-36	ch1
40	0.5758501915309638	14545.757632227624	55	10-36	ch1
41	0.575850231963117	14545.757632227624	55	10-36	ch1
42	0.57585027239527	14545.757632227624	55	10-36	ch1
43	0.575850312827423	14545.751604018402	63	11-40	ch1
44	0.5758502530346754	14545.751604018402	63	11-40	ch1
45	0.5758501932419276	14545.751604018402	63	11-40	ch1
46	0.5758501334491798	14545.751604018402	63	11-40	ch1
47	0.575850073656432	14545.87231111111	45	12-44	ch1
48	0.5758512709288686	14545.87231111111	45	12-44	ch1
49	0.5758524682013052	14545.87231111111	45	12-44	ch1
50	0.5758536654737416	14545.87231111111	45	12-44	ch1
51	0.575854862746178	14545.773518650634	2	13-48	ch1
52	0.5758543727936526	14545.773518650634	2	13-48	ch1
53	0.5758538828411268	14545.773518650634	2	13-48	ch1
54	0.5758533928886012	14545.773518650634	2	13-48	ch1
55	0.5758529029360756	14545.773518650634	2	13-48	ch1
56	0.5758524129835502	14545.773518650634	2	13-48-Fit	ch1
57	0.5758519230310244	14545.773518650634	2	13-48-Fit	ch1
58	0.5758514330784988	14545.773518650634	2	13-48-Fit	ch1
59	0.5758509431259732	14545.744042423636	51	14-56	ch1
60	0.5758506507564586	14545.744042423636	51	14-56	ch1
61	0.5758503583869438	14545.744042423636	51	14-56	ch1
62	0.5758500660174292	14545.744042423636	51	14-56	ch1
63	0.5758497736479146	14545.746797793644	49	15-60	ch1
64	0.5758498009779452	14545.746797793644	49	15-60	ch1
65	0.575849828307976	14545.746797793644	49	15-60	ch1
66	0.5758498556380068	14545.746797793644	49	15-60	ch1
67	0.5758498829680376	14545.740770859742	46	16-64	ch1
68	0.5758498231879396	14545.740770859742	46	16-64	ch1
69	0.5758497634078416	14545.740770859742	46	16-64	ch1
70	0.5758497036277436	14545.740770859742	46	16-64	ch1
71	0.5758496438476456	14545.744631926496	43	17-68	ch1
72	0.575849682144888	14545.744631926496	43	17-68	ch1
73	0.5758497204421306	14545.744631926496	43	17-68	ch1
74	0.575849758739373	14545.744631926496	43	17-68	ch1
75	0.5758497970366154	14545.742440860096	42	18-72	ch1
76	0.575849775303813	14545.742440860096	42	18-72	ch1
77	0.5758497535710104	14545.742440860096	42	18-72	ch1
78	0.575849731838208	14545.742440860096	42	18-72	ch1
79	0.5758497101054054	14545.731550358652	51	19-76	ch1
80	0.5758496020844358	14545.731550358652	51	19-76	ch1
81	0.5758494940634662	14545.731550358652	51	19-76	ch1
82	0.5758493860424966	14545.731550358652	51	19-76	ch1
83	0.5758492780215268	14545.711808025006	48	20-80	ch1
84	0.5758490822007894	14545.711808025006	48	20-80	ch1
85	0.575848886380052	14545.711808025006	48	20-80	ch1
86	0.5758486905593146	14545.711808025006	48	20-80	ch1
87	0.5758484947385772	14545.71494437581	45	21-84	ch1
88	0.5758485258474896	14545.71494437581	45	21-84	ch1
89	0.5758485569564018	14545.71494437581	45	21-84	ch1
90	0.5758485880653142	14545.71494437581	45	21-84	ch1
91	0.5758486191742266	14545.714775540788	50	22-88	ch1
92	0.5758486174995816	14545.714775540788	50	22-88	ch1
93	0.5758486158249368	14545.714775540788	50	22-88	ch1
94	0.575848614150292	14545.714775540788	50	22-88	ch1
95	0.575848612475647	14545.721184639598	42	23-92	ch1
96	0.5758486760463716	14545.721184639598	42	23-92	ch1
97	0.5758487396170962	14545.721184639598	42	23-92	ch1
98	0.5758488031878208	14545.721184639598	42	23-92	ch1
99	0.5758488667585454	14545.723324915154	40	24-96	ch1
100	0.5758488879875624	14545.723324915154	40	24-96	ch1
101	0.5758489092165794	14545.723324915154	40	24-96	ch1
102	0.5758489304455966	14545.723324915154	40	24-96	ch1
103	0.5758489516746138	14545.730832908728	47	25-100	ch1
104	0.5758490261450824	14545.730832908728	47	25-100	ch1
105	0.5758491006155508	14545.730832908728	47	25-100	ch1
106	0.5758491750860194	14545.730832908728	47	25-100	ch1
107	0.575849249556488	14545.721482300722	54	26-104	ch1
108	0.5758491568094506	14545.721482300722	54	26-104	ch1
109	0.5758490640624134	14545.721482300722	54	26-104	ch1
110	0.575848971315376	14545.721482300722	54	26-104	ch1
111	0.5758488785683388	14545.730346047912	44	27-108	ch1
112	0.5758489664862892	14545.730346047912	44	27-108	ch1
113	0.5758490544042396	14545.730346047912	44	27-108	ch1
114	0.5758491423221902	14545.730346047912	44	27-108	ch1
115	0.5758492302401406	14545.734519545912	37	28-112	ch1
116	0.5758492716363338	14545.734519545912	37	28-112	ch1
117	0.5758493130325268	14545.734519545912	37	28-112	ch1
118	0.5758493544287198	14545.734519545912	37	28-112	ch1
119	0.575849395824913	14545.723316765664	47	29-116	ch1
120	0.5758492847065046	14545.723316765664	47	29-116	ch1
121	0.5758491735880966	14545.723316765664	47	29-116	ch1
122	0.5758490624696884	14545.723316765664	47	29-116	ch1
123	0.5758489513512802	14545.719363889398	39	30-120	ch1
124	0.5758489121433952	14545.719363889398	39	30-120	ch1
125	0.5758488729355104	14545.719363889398	39	30-120	ch1
126	0.5758488337276256	14545.719363889398	39	30-120	ch1
127	0.5758487945197406	14545.842713450292	38	31-124	ch1
128	0.5758500180023546	14545.842713450292	38	31-124	ch1
129	0.5758512414849686	14545.842713450292	38	31-124	ch1
130	0.5758524649675826	14545.842713450292	38	31-124	ch1
131	0.5758536884501964	14545.744260354586	11	32-128	ch1
132	0.5758527119112448	14545.744260354586	11	32-128	ch1
133	0.575851735372293	14545.744260354586	11	32-128	ch1
134	0.5758507588333412	14545.744260354586	11	32-128	ch1
135	0.5758497822943896	14545.732287939748	54	33-132	ch1
136	0.5758496635421112	14545.732287939748	54	33-132	ch1
137	0.5758495447898326	14545.732287939748	54	33-132	ch1
138	0.5758494260375542	14545.732287939748	54	33-132	ch1
139	0.5758493072852758	14545.805125933336	42	34-136	ch1
140	0.5758500297525318	14545.805125933336	42	34-136	ch1
141	0.5758507522197878	14545.805125933336	42	34-136	ch1
142	0.5758514746870438	14545.805125933336	42	34-136	ch1
143	0.5758521971542998	14545.717998559452	48	35-140	ch1
144	0.5758513329531922	14545.717998559452	48	35-140	ch1
145	0.5758504687520848	14545.717998559452	48	35-140	ch1
146	0.5758496045509772	14545.717998559452	48	35-140	ch1
147	0.5758487403498694	14545.721096118166	53	36-144	ch1
148	0.57584877107401	14545.721096118166	53	36-144	ch1
149	0.5758488017981504	14545.721096118166	53	36-144	ch1
150	0.5758488325222908	14545.721096118166	53	36-144	ch1
151	0.5758488632464314	14545.724917156306	56	37-148	ch1
152	0.575848901146637	14545.724917156306	56	37-148	ch1
153	0.5758489390468426	14545.724917156306	56	37-148	ch1
154	0.5758489769470484	14545.724917156306	56	37-148	ch1
155	0.575849014847254	14545.72575702829	55	38-152	ch1
156	0.5758490231777966	14545.72575702829	55	38-152	ch1
157	0.5758490315083392	14545.72575702829	55	38-152	ch1
158	0.5758490398388818	14545.72575702829	55	38-152	ch1
159	0.5758490481694244	14545.729477949308	55	39-156	ch1
160	0.575849085076586	14545.729477949308	55	39-156	ch1
161	0.5758491219837476	14545.729477949308	55	39-156	ch1
162	0.575849158890909	14545.729477949308	55	39-156	ch1
163	0.5758491957980708	14545.728127427676	45	40-160	ch1
164	0.575849182402484	14545.728127427676	45	40-160	ch1
165	0.5758491690068974	14545.728127427676	45	40-160	ch1
166	0.5758491556113108	14545.728127427676	45	40-160	ch1
167	0.575849142215724	14545.716742995334	44	41-164	ch1
168	0.5758490292955406	14545.716742995334	44	41-164	ch1
169	0.5758489163753572	14545.716742995334	44	41-164	ch1
170	0.5758488034551736	14545.716742995334	44	41-164	ch1
171	0.5758486905349902	14545.717004656154	46	42-168	ch1
172	0.575848693130358	14545.717004656154	46	42-168	ch1
173	0.5758486957257256	14545.717004656154	46	42-168	ch1
174	0.5758486983210934	14545.717004656154	46	42-168	ch1
175	0.575848700916461	14545.71998054539	54	43-172	ch1
176	0.5758487304337834	14545.71998054539	54	43-172	ch1
177	0.5758487599511056	14545.71998054539	54	43-172	ch1
178	0.5758487894684278	14545.71998054539	54	43-172	ch1
179	0.57584881898575	14545.72728789886	55	44-176	ch1
180	0.5758488914661048	14545.72728789886	55	44-176	ch1
181	0.5758489639464596	14545.72728789886	55	44-176	ch1
182	0.5758490364268142	14545.72728789886	55	44-176	ch1
183	0.575849108907169	14545.716823632848	44	45-180	ch1
184	0.5758490051139536	14545.716823632848	44	45-180	ch1
185	0.5758489013207382	14545.716823632848	44	45-180	ch1
186	0.5758487975275228	14545.716823632848	44	45-180	ch1
187	0.5758486937343078	14545.718618352502	67	46-184	ch1
188	0.5758487115358164	14545.718618352502	67	46-184	ch1
189	0.5758487293373252	14545.718618352502	67	46-184	ch1
190	0.575848747138834	14545.718618352502	67	46-184	ch1
191	0.5758487649403428	14545.717352343794	44	47-188	ch1
192	0.575848752383025	14545.717352343794	44	47-188	ch1
193	0.5758487398257072	14545.717352343794	44	47-188	ch1
194	0.5758487272683892	14545.717352343794	44	47-188	ch1
195	0.5758487147110714	14545.714423927654	57	48-192	ch1
196	0.5758486856646264	14545.714423927654	57	48-192	ch1
197	0.5758486566181814	14545.714423927654	57	48-192	ch1
198	0.5758486275717366	14545.714423927654	57	48-192	ch1
199	0.5758485985252916	14545.728983366404	49	49-196	ch1
200	0.5758487429378054	14545.728983366404	49	49-196	ch1
201	0.5758488873503192	14545.728983366404	49	49-196	ch1
202	0.5758490317628332	14545.728983366404	49	49-196	ch1
203	0.575849176175347	14545.726659596302	44	50-200	ch1
204	0.57584915312628	14545.726659596302	44	50-200	ch1
205	0.5758491300772128	14545.726659596302	44	50-200	ch1
206	0.5758491070281456	14545.726659596302	44	50-200	ch1
207	0.5758490839790784	14545.74420924967	50	51-204	ch1
208	0.5758492580510056	14545.74420924967	50	51-204	ch1
209	0.5758494321229326	14545.74420924967	50	51-204	ch1
210	0.5758496061948598	14545.74420924967	50	51-204	ch1
211	0.5758497802667868	14545.743901161606	45	52-208	ch1
212	0.5758497772109156	14545.743901161606	45	52-208	ch1
213	0.5758497741550442	14545.743901161606	45	52-208	ch1
214	0.5758497710991728	14545.743901161606	45	52-208	ch1
215	0.5758497680433016	14545.88727111111	50	53-212	ch1
216	0.5758511901046312	14545.88727111111	50	53-212	ch1
217	0.5758526121659608	14545.88727111111	50	53-212	ch1
218	0.5758540342272906	14545.88727111111	50	53-212	ch1
219	0.5758554562886202	14545.84386038036	1	54-216	ch1
220	0.5758552409969162	14545.84386038036	1	54-216	ch1
221	0.5758550257052122	14545.84386038036	1	54-216	ch1
222	0.575854810413508	14545.84386038036	1	54-216	ch1
223	0.575854595121804	14545.84386038036	1	54-216	ch1
224	0.5758543798300998	14545.84386038036	1	54-216-Fit	ch1
225	0.5758541645383958	14545.84386038036	1	54-216-Fit	ch1
226	0.5758539492466916	14545.84386038036	1	54-216-Fit	ch1
227	0.5758537339549874	14545.747071667574	32	55-224	ch1
228	0.5758532539398724	14545.747071667574	32	55-224	ch1
229	0.5758527739247574	14545.747071667574	32	55-224	ch1
230	0.5758522939096424	14545.747071667574	32	55-224	ch1
231	0.5758518138945274	14545.747071667574	32	55-224	ch1
232	0.5758513338794122	14545.747071667574	32	55-224-Fit	ch1
233	0.5758508538642972	14545.747071667574	32	55-224-Fit	ch1
234	0.5758503738491824	14545.747071667574	32	55-224-Fit	ch1
235	0.5758498938340672	14545.754554286032	45	56-232	ch1
236	0.5758499680528444	14545.754554286032	45	56-232	ch1
237	0.5758500422716218	14545.754554286032	45	56-232	ch1
238	0.5758501164903992	14545.754554286032	45	56-232	ch1
239	0.5758501907091764	14545.749661499364	51	57-236	ch1
240	0.5758501421784854	14545.749661499364	51	57-236	ch1
241	0.5758500936477944	14545.749661499364	51	57-236	ch1
242	0.5758500451171034	14545.749661499364	51	57-236	ch1
243	0.5758499965864126	14545.843370504256	57	58-240	ch1
244	0.5758509260695612	14545.843370504256	57	58-240	ch1
245	0.57585185555271	14545.843370504256	57	58-240	ch1
246	0.5758527850358588	14545.843370504256	57	58-240	ch1
247	0.5758537145190076	14545.75851698176	48	59-244	ch1
248	0.5758528728718322	14545.75851698176	48	59-244	ch1
249	0.5758520312246568	14545.75851698176	48	59-244	ch1
250	0.5758511895774814	14545.75851698176	48	59-244	ch1
251	0.5758503479303062	14545.759130780968	63	60-248	ch1
252	0.5758503540184726	14545.759130780968	63	60-248	ch1
253	0.575850360106639	14545.759130780968	63	60-248	ch1
254	0.5758503661948056	14545.759130780968	63	60-248	ch1
255	0.575850372282972	14545.75060815684	52	61-252	ch1
256	0.5758502877485612	14545.75060815684	52	61-252	ch1
257	0.5758502032141504	14545.75060815684	52	61-252	ch1
258	0.5758501186797396	14545.75060815684	52	61-252	ch1
259	0.575850034145329	14545.755620936558	35	62-256	ch1
260	0.5758500838662098	14545.755620936558	35	62-256	ch1
261	0.5758501335870908	14545.755620936558	35	62-256	ch1
262	0.5758501833079718	14545.755620936558	35	62-256	ch1
263	0.5758502330288526	14545.851344007792	44	63-260	ch1
264	0.5758511824891714	14545.851344007792	44	63-260	ch1
265	0.5758521319494904	14545.851344007792	44	63-260	ch1
266	0.5758530814098092	14545.851344007792	44	63-260	ch1
267	0.575854030870128	14545.766210322004	40	64-264	ch1
268	0.5758531864440622	14545.766210322004	40	64-264	ch1
269	0.5758523420179964	14545.766210322004	40	64-264	ch1
270	0.5758514975919304	14545.766210322004	40	64-264	ch1
271	0.5758506531658648	14545.751638930764	61	65-268	ch1
272	0.5758505086347962	14545.751638930764	61	65-268	ch1
273	0.5758503641037276	14545.751638930764	61	65-268	ch1
274	0.575850219572659	14545.751638930764	61	65-268	ch1
275	0.5758500750415906	14545.752372319218	43	66-272	ch1
276	0.5758500823159416	14545.752372319218	43	66-272	ch1
277	0.5758500895902928	14545.752372319218	43	66-272	ch1
278	0.5758500968646442	14545.752372319218	43	66-272	ch1
279	0.5758501041389952	14545.76305368075	46	67-276	ch1
280	0.5758502100855428	14545.76305368075	46	67-276	ch1
281	0.5758503160320906	14545.76305368075	46	67-276	ch1
282	0.5758504219786382	14545.76305368075	46	67-276	ch1
283	0.5758505279251856	14545.766329111732	52	68-280	ch1
284	0.5758505604136098	14545.766329111732	52	68-280	ch1
285	0.575850592902034	14545.766329111732	52	68-280	ch1
286	0.5758506253904582	14545.766329111732	52	68-280	ch1
287	0.5758506578788826	14545.761107709344	43	69-284	ch1
288	0.57585060608871	14545.761107709344	43	69-284	ch1
289	0.5758505542985374	14545.761107709344	43	69-284	ch1
290	0.5758505025083648	14545.761107709344	43	69-284	ch1
291	0.5758504507181922	14545.766020628626	52	70-288	ch1
292	0.575850499448575	14545.766020628626	52	70-288	ch1
293	0.575850548178958	14545.766020628626	52	70-288	ch1
294	0.5758505969093408	14545.766020628626	52	70-288	ch1
295	0.5758506456397238	14545.777568626908	65	71-292	ch1
296	0.575850760182289	14545.777568626908	65	71-292	ch1
297	0.5758508747248542	14545.777568626908	65	71-292	ch1
298	0.5758509892674194	14545.777568626908	65	71-292	ch1
299	0.5758511038099846	14545.776086919806	47	72-296	ch1
300	0.5758510891131924	14545.776086919806	47	72-296	ch1
301	0.5758510744164	14545.776086919806	47	72-296	ch1
302	0.5758510597196076	14545.776086919806	47	72-296	ch1
303	0.5758510450228152	14545.761069264616	51	73-300	ch1
304	0.575850896065333	14545.761069264616	51	73-300	ch1
305	0.5758507471078508	14545.761069264616	51	73-300	ch1
306	0.5758505981503684	14545.761069264616	51	73-300	ch1
307	0.5758504491928862	14545.75327963799	56	74-304	ch1
308	0.5758503719289488	14545.75327963799	56	74-304	ch1
309	0.5758502946650116	14545.75327963799	56	74-304	ch1
310	0.5758502174010742	14545.75327963799	56	74-304	ch1
311	0.5758501401371368	14545.755571479288	53	75-308	ch1
312	0.5758501628695078	14545.755571479288	53	75-308	ch1
313	0.5758501856018788	14545.755571479288	53	75-308	ch1
314	0.5758502083342498	14545.755571479288	53	75-308	ch1
315	0.5758502310666208	14545.765717830236	51	76-312	ch1
316	0.5758503317064926	14545.765717830236	51	76-312	ch1
317	0.5758504323463642	14545.765717830236	51	76-312	ch1
318	0.5758505329862358	14545.765717830236	51	76-312	ch1
319	0.5758506336261076	14545.762132745902	51	77-316	ch1
320	0.5758505980662862	14545.762132745902	51	77-316	ch1
321	0.5758505625064648	14545.762132745902	51	77-316	ch1
322	0.5758505269466434	14545.762132745902	51	77-316	ch1
323	0.575850491386822	14545.757162866338	41	78-320	ch1
324	0.5758504420914602	14545.757162866338	41	78-320	ch1
325	0.5758503927960984	14545.757162866338	41	78-320	ch1
326	0.5758503435007366	14545.757162866338	41	78-320	ch1
327	0.5758502942053748	14545.758229879396	39	79-324	ch1
328	0.5758503047888898	14545.758229879396	39	79-324	ch1
329	0.5758503153724046	14545.758229879396	39	79-324	ch1
330	0.5758503259559196	14545.758229879396	39	79-324	ch1
331	0.5758503365394346	14545.764019073738	55	80-328	ch1
332	0.5758503939614356	14545.764019073738	55	80-328	ch1
333	0.5758504513834368	14545.764019073738	55	80-328	ch1
334	0.575850508805438	14545.764019073738	55	80-328	ch1
335	0.575850566227439	14545.75773466358	54	81-332	ch1
336	0.5758505038934792	14545.75773466358	54	81-332	ch1
337	0.5758504415595196	14545.75773466358	54	81-332	ch1
338	0.5758503792255598	14545.75773466358	54	81-332	ch1
339	0.5758503168916	14545.755952308748	44	82-336	ch1
340	0.5758502992127358	14545.755952308748	44	82-336	ch1
341	0.5758502815338714	14545.755952308748	44	82-336	ch1
342	0.5758502638550072	14545.755952308748	44	82-336	ch1
343	0.5758502461761428	14545.762415814608	57	83-340	ch1
344	0.5758503102865214	14545.762415814608	57	83-340	ch1
345	0.5758503743969	14545.762415814608	57	83-340	ch1
346	0.5758504385072786	14545.762415814608	57	83-340	ch1
347	0.575850502617657	14545.766248278172	47	84-344	ch1
348	0.5758505406311896	14545.766248278172	47	84-344	ch1
349	0.575850578644722	14545.766248278172	47	84-344	ch1
350	0.5758506166582544	14545.766248278172	47	84-344	ch1
351	0.575850654671787	14545.760266846888	39	85-348	ch1
352	0.5758505953430214	14545.760266846888	39	85-348	ch1
353	0.5758505360142558	14545.760266846888	39	85-348	ch1
354	0.5758504766854904	14545.760266846888	39	85-348	ch1
355	0.5758504173567248	14545.764053732178	47	86-352	ch1
356	0.5758504549181742	14545.764053732178	47	86-352	ch1
357	0.5758504924796238	14545.764053732178	47	86-352	ch1
358	0.5758505300410734	14545.764053732178	47	86-352	ch1
359	0.575850567602523	14545.776695947784	58	87-356	ch1
360	0.5758506929984376	14545.776695947784	58	87-356	ch1
361	0.575850818394352	14545.776695947784	58	87-356	ch1
362	0.5758509437902666	14545.776695947784	58	87-356	ch1
363	0.5758510691861812	14545.780703568022	54	88-360	ch1
364	0.575851108937062	14545.780703568022	54	88-360	ch1
365	0.5758511486879426	14545.780703568022	54	88-360	ch1
366	0.5758511884388234	14545.780703568022	54	88-360	ch1
367	0.575851228189704	14545.771212449884	55	89-364	ch1
368	0.5758511340489714	14545.771212449884	55	89-364	ch1
369	0.5758510399082388	14545.771212449884	55	89-364	ch1
370	0.5758509457675064	14545.771212449884	55	89-364	ch1
371	0.5758508516267738	14545.769850838374	54	90-368	ch1
372	0.5758508381211884	14545.769850838374	54	90-368	ch1
373	0.5758508246156032	14545.769850838374	54	90-368	ch1
374	0.575850811110018	14545.769850838374	54	90-368	ch1
375	0.5758507976044328	14545.773323627138	56	91-372	ch1
376	0.5758508320504142	14545.773323627138	56	91-372	ch1
377	0.5758508664963954	14545.773323627138	56	91-372	ch1
378	0.5758509009423768	14545.773323627138	56	91-372	ch1
379	0.5758509353883582	14545.774444332766	38	92-376	ch1
380	0.5758509465044402	14545.774444332766	38	92-376	ch1
381	0.5758509576205224	14545.774444332766	38	92-376	ch1
382	0.5758509687366046	14545.774444332766	38	92-376	ch1
383	0.5758509798526866	14545.778302105626	50	93-380	ch1
384	0.5758510181172576	14545.778302105626	50	93-380	ch1
385	0.5758510563818284	14545.778302105626	50	93-380	ch1
386	0.5758510946463994	14545.778302105626	50	93-380	ch1
387	0.5758511329109704	14545.767883956686	53	94-384	ch1
388	0.5758510295751822	14545.767883956686	53	94-384	ch1
389	0.575850926239394	14545.767883956686	53	94-384	ch1
390	0.5758508229036058	14545.767883956686	53	94-384	ch1
391	0.5758507195678176	14545.775239199312	45	95-388	ch1
392	0.5758507925231764	14545.775239199312	45	95-388	ch1
393	0.5758508654785354	14545.775239199312	45	95-388	ch1
394	0.5758509384338942	14545.775239199312	45	95-388	ch1
395	0.575851011389253	14545.77155389198	59	96-392	ch1
396	0.5758509748353372	14545.77155389198	59	96-392	ch1
397	0.5758509382814216	14545.77155389198	59	96-392	ch1
398	0.575850901727506	14545.77155389198	59	96-392	ch1
399	0.5758508651735902	14545.777043210966	53	97-396	ch1
400	0.5758509196211804	14545.777043210966	53	97-396	ch1
401	0.5758509740687706	14545.777043210966	53	97-396	ch1
402	0.5758510285163608	14545.777043210966	53	97-396	ch1
403	0.575851082963951	14545.770907401572	43	98-400	ch1
404	0.575851022103936	14545.770907401572	43	98-400	ch1
405	0.5758509612439212	14545.770907401572	43	98-400	ch1
406	0.5758509003839062	14545.770907401572	43	98-400	ch1
407	0.5758508395238914	14545.7689625724	54	99-404	ch1
408	0.5758508202334726	14545.7689625724	54	99-404	ch1
409	0.575850800943054	14545.7689625724	54	99-404	ch1
410	0.5758507816526352	14545.7689625724	54	99-404	ch1
411	0.5758507623622164	14545.772671244248	51	100-408	ch1
412	0.5758507991478806	14545.772671244248	51	100-408	ch1
413	0.5758508359335448	14545.772671244248	51	100-408	ch1
414	0.575850872719209	14545.772671244248	51	100-408	ch1
415	0.5758509095048732	14545.77873288855	53	101-412	ch1
416	0.5758509696292576	14545.77873288855	53	101-412	ch1
417	0.575851029753642	14545.77873288855	53	101-412	ch1
418	0.5758510898780266	14545.77873288855	53	101-412	ch1
419	0.5758511500024108	14545.77789541643	48	102-416	ch1
420	0.575851141695672	14545.77789541643	48	102-416	ch1
421	0.5758511333889332	14545.77789541643	48	102-416	ch1
422	0.5758511250821946	14545.77789541643	48	102-416	ch1
423	0.5758511167754558	14545.779236402134	51	103-420	ch1
424	0.5758511300764574	14545.779236402134	51	103-420	ch1
425	0.5758511433774588	14545.779236402134	51	103-420	ch1
426	0.5758511566784604	14545.779236402134	51	103-420	ch1
427	0.5758511699794618	14545.768651487316	53	104-424	ch1
428	0.5758510649895522	14545.768651487316	53	104-424	ch1
429	0.5758509599996426	14545.768651487316	53	104-424	ch1
430	0.575850855009733	14545.768651487316	53	104-424	ch1
431	0.5758507500198234	14545.757137820544	45	105-428	ch1
432	0.5758506358177864	14545.757137820544	45	105-428	ch1
433	0.5758505216157494	14545.757137820544	45	105-428	ch1
434	0.5758504074137124	14545.757137820544	45	105-428	ch1
435	0.5758502932116754	14545.751278283554	52	106-432	ch1
436	0.5758502350919578	14545.751278283554	52	106-432	ch1
437	0.5758501769722404	14545.751278283554	52	106-432	ch1
438	0.5758501188525228	14545.751278283554	52	106-432	ch1
439	0.5758500607328052	14545.754430557432	55	107-436	ch1
440	0.5758500919996558	14545.754430557432	55	107-436	ch1
441	0.5758501232665064	14545.754430557432	55	107-436	ch1
442	0.575850154533357	14545.754430557432	55	107-436	ch1
443	0.5758501858002074	14545.76438138739	44	108-440	ch1
444	0.5758502845007408	14545.76438138739	44	108-440	ch1
445	0.5758503832012742	14545.76438138739	44	108-440	ch1
446	0.5758504819018074	14545.76438138739	44	108-440	ch1
447	0.5758505806023408	14545.771365724262	52	109-444	ch1
448	0.5758506498787506	14545.771365724262	52	109-444	ch1
449	0.5758507191551604	14545.771365724262	52	109-444	ch1
450	0.5758507884315702	14545.771365724262	52	109-444	ch1
451	0.5758508577079802	14545.775551829824	57	110-448	ch1
452	0.5758508992292254	14545.775551829824	57	110-448	ch1
453	0.5758509407504708	14545.775551829824	57	110-448	ch1
454	0.575850982271716	14545.775551829824	57	110-448	ch1
455	0.5758510237929614	14545.769242228842	54	111-452	ch1
456	0.5758509612091382	14545.769242228842	54	111-452	ch1
457	0.575850898625315	14545.769242228842	54	111-452	ch1
458	0.575850836041492	14545.769242228842	54	111-452	ch1
459	0.5758507734576688	14545.764592792944	56	112-456	ch1
460	0.5758507273407314	14545.764592792944	56	112-456	ch1
461	0.575850681223794	14545.764592792944	56	112-456	ch1
462	0.5758506351068564	14545.764592792944	56	112-456	ch1
463	0.575850588989919	14545.763122336742	40	113-460	ch1
464	0.5758505744047224	14545.763122336742	40	113-460	ch1
465	0.5758505598195258	14545.763122336742	40	113-460	ch1
466	0.5758505452343292	14545.763122336742	40	113-460	ch1
467	0.5758505306491326	14545.757636996338	40	114-464	ch1
468	0.5758504762410052	14545.757636996338	40	114-464	ch1
469	0.5758504218328778	14545.757636996338	40	114-464	ch1
470	0.5758503674247506	14545.757636996338	40	114-464	ch1
471	0.5758503130166234	14545.75726832264	32	115-468	ch1
472	0.5758503093598136	14545.75726832264	32	115-468	ch1
473	0.575850305703004	14545.75726832264	32	115-468	ch1
474	0.5758503020461944	14545.75726832264	32	115-468	ch1
475	0.5758502983893848	14545.757275513646	59	116-472	ch1
476	0.5758502984607112	14545.757275513646	59	116-472	ch1
477	0.5758502985320374	14545.757275513646	59	116-472	ch1
478	0.5758502986033638	14545.757275513646	59	116-472	ch1
479	0.5758502986746898	14545.75783981674	42	117-476	ch1
480	0.5758503042719132	14545.75783981674	42	117-476	ch1
481	0.5758503098691364	14545.75783981674	42	117-476	ch1
482	0.5758503154663596	14545.75783981674	42	117-476	ch1
483	0.5758503210635828	14545.765839465624	48	118-480	ch1
484	0.5758504004106942	14545.765839465624	48	118-480	ch1
485	0.5758504797578054	14545.765839465624	48	118-480	ch1
486	0.5758505591049166	14545.765839465624	48	118-480	ch1
487	0.5758506384520278	14545.758953421452	34	119-484	ch1
488	0.5758505701505658	14545.758953421452	34	119-484	ch1
489	0.575850501849104	14545.758953421452	34	119-484	ch1
490	0.5758504335476422	14545.758953421452	34	119-484	ch1
491	0.5758503652461804	14545.76575861316	64	120-488	ch1
492	0.5758504327456808	14545.76575861316	64	120-488	ch1
493	0.5758505002451814	14545.76575861316	64	120-488	ch1
494	0.5758505677446818	14545.76575861316	64	120-488	ch1
495	0.5758506352441822	14545.772441119618	58	121-492	ch1
496	0.5758507015267892	14545.772441119618	58	121-492	ch1
497	0.5758507678093962	14545.772441119618	58	121-492	ch1
498	0.5758508340920032	14545.772441119618	58	121-492	ch1
499	0.5758509003746102	14545.773179534024	47	122-496	ch1
500	0.575850907698813	14545.773179534024	47	122-496	ch1
501	0.5758509150230158	14545.773179534024	47	122-496	ch1
502	0.5758509223472184	14545.773179534024	47	122-496	ch1
503	0.575850929671421	14545.775247090048	50	123-500	ch1
504	0.5758509501791458	14545.775247090048	50	123-500	ch1
505	0.5758509706868706	14545.775247090048	50	123-500	ch1
506	0.5758509911945956	14545.775247090048	50	123-500	ch1
507	0.5758510117023202	14545.75847350592	46	124-504	ch1
508	0.5758508453280876	14545.75847350592	46	124-504	ch1
509	0.5758506789538548	14545.75847350592	46	124-504	ch1
510	0.5758505125796218	14545.75847350592	46	124-504	ch1
511	0.5758503462053892	14545.758048380166	54	125-508	ch1
512	0.5758503419886416	14545.758048380166	54	125-508	ch1
513	0.575850337771894	14545.758048380166	54	125-508	ch1
514	0.5758503335551464	14545.758048380166	54	125-508	ch1
515	0.5758503293383988	14545.906214922168	46	126-512	ch1
516	0.5758517989762862	14545.906214922168	46	126-512	ch1
517	0.575853268614174	14545.906214922168	46	126-512	ch1
518	0.5758547382520616	14545.906214922168	46	126-512	ch1
519	0.5758562078899492	14545.824322814926	1	127-516	ch1
520	0.5758553956165312	14545.824322814926	1	127-516	ch1
521	0.5758545833431132	14545.824322814926	1	127-516	ch1
522	0.5758537710696954	14545.824322814926	1	127-516	ch1
523	0.5758529587962774	14545.749758455256	50	128-520	ch1
524	0.5758522192054994	14545.749758455256	50	128-520	ch1
525	0.5758514796147218	14545.749758455256	50	128-520	ch1
526	0.575850740023944	14545.749758455256	50	128-520	ch1
527	0.5758500004331662	14545.755009828312	47	129-524	ch1
528	0.5758500525206126	14545.755009828312	47	129-524	ch1
529	0.575850104608059	14545.755009828312	47	129-524	ch1
530	0.5758501566955052	14545.755009828312	47	129-524	ch1
531	0.5758502087829516	14545.760585844188	49	130-528	ch1
532	0.575850264090473	14545.760585844188	49	130-528	ch1
533	0.5758503193979944	14545.760585844188	49	130-528	ch1
534	0.5758503747055158	14545.760585844188	49	130-528	ch1
535	0.5758504300130372	14545.760853183416	43	131-532	ch1
536	0.575850432664728	14545.760853183416	43	131-532	ch1
537	0.5758504353164188	14545.760853183416	43	131-532	ch1
538	0.5758504379681096	14545.760853183416	43	131-532	ch1
539	0.5758504406198004	14545.757661885172	46	132-536	ch1
540	0.5758504089658742	14545.757661885172	46	132-536	ch1
541	0.5758503773119478	14545.757661885172	46	132-536	ch1
542	0.5758503456580214	14545.757661885172	46	132-536	ch1
543	0.575850314004095	14545.75984125075	42	133-540	ch1
544	0.5758503356208392	14545.75984125075	42	133-540	ch1
545	0.5758503572375834	14545.75984125075	42	133-540	ch1
546	0.5758503788543274	14545.75984125075	42	133-540	ch1
547	0.5758504004710716	14545.769108818394	55	134-544	ch1
548	0.5758504923944462	14545.769108818394	55	134-544	ch1
549	0.5758505843178208	14545.769108818394	55	134-544	ch1
550	0.5758506762411952	14545.769108818394	55	134-544	ch1
551	0.5758507681645698	14545.76406784933	59	135-548	ch1
552	0.5758507181640836	14545.76406784933	59	135-548	ch1
553	0.5758506681635974	14545.76406784933	59	135-548	ch1
554	0.5758506181631114	14545.76406784933	59	135-548	ch1
555	0.5758505681626252	14545.758144161806	41	136-552	ch1
556	0.5758505094066098	14545.758144161806	41	136-552	ch1
557	0.5758504506505944	14545.758144161806	41	136-552	ch1
558	0.575850391894579	14545.758144161806	41	136-552	ch1
559	0.5758503331385636	14545.755366680382	53	137-556	ch1
560	0.5758503055892136	14545.755366680382	53	137-556	ch1
561	0.5758502780398636	14545.755366680382	53	137-556	ch1
562	0.5758502504905136	14545.755366680382	53	137-556	ch1
563	0.5758502229411634	14545.755452182838	50	138-560	ch1
564	0.5758502237892472	14545.755452182838	50	138-560	ch1
565	0.575850224637331	14545.755452182838	50	138-560	ch1
566	0.575850225485415	14545.755452182838	50	138-560	ch1
567	0.5758502263334988	14545.76090333942	39	139-564	ch1
568	0.5758502804025628	14545.76090333942	39	139-564	ch1
569	0.5758503344716268	14545.76090333942	39	139-564	ch1
570	0.5758503885406908	14545.76090333942	39	139-564	ch1
571	0.5758504426097548	14545.770149923878	47	140-568	ch1
572	0.575850534325001	14545.770149923878	47	140-568	ch1
573	0.5758506260402468	14545.770149923878	47	140-568	ch1
574	0.5758507177554928	14545.770149923878	47	140-568	ch1
575	0.575850809470739	14545.77137984785	43	141-572	ch1
576	0.5758508216701386	14545.77137984785	43	141-572	ch1
577	0.5758508338695384	14545.77137984785	43	141-572	ch1
578	0.575850846068938	14545.77137984785	43	141-572	ch1
579	0.5758508582683378	14545.755287205332	53	142-576	ch1
580	0.575850698648245	14545.755287205332	53	142-576	ch1
581	0.5758505390281524	14545.755287205332	53	142-576	ch1
582	0.5758503794080598	14545.755287205332	53	142-576	ch1
583	0.5758502197879672	14545.74663641996	48	143-580	ch1
584	0.5758501339823476	14545.74663641996	48	143-580	ch1
585	0.575850048176728	14545.74663641996	48	143-580	ch1
586	0.5758499623711084	14545.74663641996	48	143-580	ch1
587	0.5758498765654888	14545.755186865036	45	144-584	ch1
588	0.5758499613758506	14545.755186865036	45	144-584	ch1
589	0.5758500461862126	14545.755186865036	45	144-584	ch1
590	0.5758501309965744	14545.755186865036	45	144-584	ch1
591	0.5758502158069362	14545.761489993722	48	145-588	ch1
592	0.5758502783265618	14545.761489993722	48	145-588	ch1
593	0.5758503408461872	14545.761489993722	48	145-588	ch1
594	0.5758504033658128	14545.761489993722	48	145-588	ch1
595	0.5758504658854384	14545.760190092008	49	146-592	ch1
596	0.5758504529919418	14545.760190092008	49	146-592	ch1
597	0.5758504400984452	14545.760190092008	49	146-592	ch1
598	0.5758504272049486	14545.760190092008	49	146-592	ch1
599	0.575850414311452	14545.757849575514	45	147-596	ch1
600	0.5758503910962802	14545.757849575514	45	147-596	ch1
601	0.5758503678811086	14545.757849575514	45	147-596	ch1
602	0.575850344665937	14545.757849575514	45	147-596	ch1
603	0.5758503214507652	14545.772104845598	43	148-600	ch1
604	0.5758504628462836	14545.772104845598	43	148-600	ch1
605	0.575850604241802	14545.772104845598	43	148-600	ch1
606	0.5758507456373204	14545.772104845598	43	148-600	ch1
607	0.5758508870328388	14545.767510427936	56	149-604	ch1
608	0.5758508414616176	14545.767510427936	56	149-604	ch1
609	0.5758507958903962	14545.767510427936	56	149-604	ch1
610	0.575850750319175	14545.767510427936	56	149-604	ch1
611	0.5758507047479536	14545.754236919132	43	150-608	ch1
612	0.5758505730903528	14545.754236919132	43	150-608	ch1
613	0.575850441432752	14545.754236919132	43	150-608	ch1
614	0.5758503097751512	14545.754236919132	43	150-608	ch1
615	0.5758501781175504	14545.756254166724	47	151-612	ch1
616	0.5758501981262748	14545.756254166724	47	151-612	ch1
617	0.575850218134999	14545.756254166724	47	151-612	ch1
618	0.5758502381437232	14545.756254166724	47	151-612	ch1
619	0.5758502581524476	14545.776869445624	53	152-616	ch1
620	0.5758504626317756	14545.776869445624	53	152-616	ch1
621	0.5758506671111036	14545.776869445624	53	152-616	ch1
622	0.5758508715904316	14545.776869445624	53	152-616	ch1
623	0.5758510760697596	14545.754474827674	37	153-620	ch1
624	0.5758508539414802	14545.754474827674	37	153-620	ch1
625	0.575850631813201	14545.754474827674	37	153-620	ch1
626	0.5758504096849218	14545.754474827674	37	153-620	ch1
627	0.5758501875566424	14545.750249023424	48	154-624	ch1
628	0.5758501456416328	14545.750249023424	48	154-624	ch1
629	0.5758501037266232	14545.750249023424	48	154-624	ch1
630	0.5758500618116136	14545.750249023424	48	154-624	ch1
631	0.575850019896604	14545.756887396506	41	155-628	ch1
632	0.5758500857414598	14545.756887396506	41	155-628	ch1
633	0.5758501515863156	14545.756887396506	41	155-628	ch1
634	0.5758502174311714	14545.756887396506	41	155-628	ch1
635	0.5758502832760272	14545.774222880048	49	156-632	ch1
636	0.5758504552236414	14545.774222880048	49	156-632	ch1
637	0.5758506271712558	14545.774222880048	49	156-632	ch1
638	0.57585079911887	14545.774222880048	49	156-632	ch1
639	0.5758509710664844	14545.776800705888	44	157-636	ch1
640	0.5758509966354858	14545.776800705888	44	157-636	ch1
641	0.5758510222044872	14545.776800705888	44	157-636	ch1
642	0.5758510477734886	14545.776800705888	44	157-636	ch1
643	0.57585107334249	14545.758074631788	43	158-640	ch1
644	0.5758508876018524	14545.758074631788	43	158-640	ch1
645	0.5758507018612148	14545.758074631788	43	158-640	ch1
646	0.5758505161205772	14545.758074631788	43	158-640	ch1
647	0.5758503303799396	14545.758374038814	47	159-644	ch1
648	0.5758503333497054	14545.758374038814	47	159-644	ch1
649	0.575850336319471	14545.758374038814	47	159-644	ch1
650	0.5758503392892366	14545.758374038814	47	159-644	ch1
651	0.5758503422590022	14545.851380781778	49	160-648	ch1
652	0.5758512647765384	14545.851380781778	49	160-648	ch1
653	0.5758521872940744	14545.851380781778	49	160-648	ch1
654	0.5758531098116106	14545.851380781778	49	160-648	ch1
655	0.5758540323291466	14545.545395993954	21	161-652	ch1
656	0.5758509973198176	14545.545395993954	21	161-652	ch1
657	0.5758479623104886	14545.545395993954	21	161-652	ch1
658	0.5758449273011598	14545.545395993954	21	161-652	ch1
659	0.5758418922918308	14545.651133333332	1	162-656	ch1
660	0.5758420670901782	14545.651133333332	1	162-656	ch1
661	0.5758422418885256	14545.651133333332	1	162-656	ch1
662	0.575842416686873	14545.651133333332	1	162-656	ch1
663	0.5758425914852204	14545.651133333332	1	162-656	ch1
664	0.5758427662835678	14545.651133333332	1	162-656-Fit	ch1
665	0.5758429410819152	14545.651133333332	1	162-656-Fit	ch1
666	0.5758431158802626	14545.651133333332	1	162-656-Fit	ch1
667	0.57584329067861	14545.651133333332	1	162-656-Fit	ch1
668	0.5758434654769574	14545.651133333332	1	162-656-Fit	ch1
669	0.5758436402753048	14545.651133333332	1	162-656-Fit	ch1
670	0.5758438150736522	14545.651133333332	1	162-656-Fit	ch1
671	0.5758439898719996	14545.651133333332	1	162-656-Fit	ch1
672	0.575844164670347	14545.651133333332	1	162-656-Fit	ch1
673	0.5758443394686944	14545.651133333332	1	162-656-Fit	ch1
674	0.5758445142670416	14545.651133333332	1	162-656-Fit	ch1
675	0.5758446890653892	14545.651133333332	1	162-656-Fit	ch1
676	0.5758448638637366	14545.651133333332	1	162-656-Fit	ch1
677	0.575845038662084	14545.651133333332	1	162-656-Fit	ch1
678	0.5758452134604314	14545.651133333332	1	162-656-Fit	ch1
679	0.5758453882587786	14545.651133333332	1	162-656-Fit	ch1
680	0.5758455630571262	14545.651133333332	1	162-656-Fit	ch1
681	0.5758457378554734	14545.651133333332	1	162-656-Fit	ch1
682	0.575845912653821	14545.651133333332	1	162-656-Fit	ch1
683	0.5758460874521684	14545.740469944502	30	163-680	ch1
684	0.5758469735663122	14545.740469944502	30	163-680	ch1
685	0.575847859680456	14545.740469944502	30	163-680	ch1
686	0.5758487457946	14545.740469944502	30	163-680	ch1
687	0.5758496319087438	14545.7554612152	51	164-684	ch1
688	0.575849780604523	14545.7554612152	51	164-684	ch1
689	0.5758499293003022	14545.7554612152	51	164-684	ch1
690	0.5758500779960812	14545.7554612152	51	164-684	ch1
691	0.5758502266918604	14545.75907217037	45	165-688	ch1
692	0.57585026250829	14545.75907217037	45	165-688	ch1
693	0.5758502983247198	14545.75907217037	45	165-688	ch1
694	0.5758503341411494	14545.75907217037	45	165-688	ch1
695	0.575850369957579	14545.741413006984	46	166-692	ch1
696	0.5758501947994412	14545.741413006984	46	166-692	ch1
697	0.5758500196413034	14545.741413006984	46	166-692	ch1
698	0.5758498444831658	14545.741413006984	46	166-692	ch1
699	0.575849669325028	14545.759414705972	74	167-696	ch1
700	0.5758498478807162	14545.759414705972	74	167-696	ch1
701	0.5758500264364044	14545.759414705972	74	167-696	ch1
702	0.5758502049920926	14545.759414705972	74	167-696	ch1
703	0.5758503835477808	14545.759971322342	63	168-700	ch1
704	0.5758503890687608	14545.759971322342	63	168-700	ch1
705	0.5758503945897406	14545.759971322342	63	168-700	ch1
706	0.5758504001107206	14545.759971322342	63	168-700	ch1
707	0.5758504056317004	14545.770843670808	51	169-704	ch1
708	0.575850513472614	14545.770843670808	51	169-704	ch1
709	0.5758506213135274	14545.770843670808	51	169-704	ch1
710	0.5758507291544408	14545.770843670808	51	169-704	ch1
711	0.5758508369953544	14545.76120285228	68	170-708	ch1
712	0.57585074136977	14545.76120285228	68	170-708	ch1
713	0.5758506457441854	14545.76120285228	68	170-708	ch1
714	0.575850550118601	14545.76120285228	68	170-708	ch1
715	0.5758504544930164	14545.846545400332	59	171-712	ch1
716	0.5758513009907504	14545.846545400332	59	171-712	ch1
717	0.5758521474884842	14545.846545400332	59	171-712	ch1
718	0.5758529939862182	14545.846545400332	59	171-712	ch1
719	0.5758538404839522	14545.768497420582	42	172-716	ch1
720	0.575853066339759	14545.768497420582	42	172-716	ch1
721	0.575852292195566	14545.768497420582	42	172-716	ch1
722	0.575851518051373	14545.768497420582	42	172-716	ch1
723	0.5758507439071798	14545.769055944176	50	173-720	ch1
724	0.5758507494470774	14545.769055944176	50	173-720	ch1
725	0.5758507549869746	14545.769055944176	50	173-720	ch1
726	0.575850760526872	14545.769055944176	50	173-720	ch1
727	0.5758507660667694	14545.770325487544	59	174-724	ch1
728	0.575850778659147	14545.770325487544	59	174-724	ch1
729	0.5758507912515244	14545.770325487544	59	174-724	ch1
730	0.575850803843902	14545.770325487544	59	174-724	ch1
731	0.5758508164362794	14545.753992381774	55	175-728	ch1
732	0.5758506544310742	14545.753992381774	55	175-728	ch1
733	0.5758504924258688	14545.753992381774	55	175-728	ch1
734	0.5758503304206634	14545.753992381774	55	175-728	ch1
735	0.575850168415458	14545.846534248426	60	176-732	ch1
736	0.5758510863219678	14545.846534248426	60	176-732	ch1
737	0.5758520042284774	14545.846534248426	60	176-732	ch1
738	0.5758529221349872	14545.846534248426	60	176-732	ch1
739	0.575853840041497	14545.754702140462	34	177-736	ch1
740	0.575852929174959	14545.754702140462	34	177-736	ch1
741	0.575852018308421	14545.754702140462	34	177-736	ch1
742	0.575851107441883	14545.754702140462	34	177-736	ch1
743	0.575850196575345	14545.755113198572	43	178-740	ch1
744	0.575850200652558	14545.755113198572	43	178-740	ch1
745	0.5758502047297712	14545.755113198572	43	178-740	ch1
746	0.5758502088069842	14545.755113198572	43	178-740	ch1
747	0.5758502128841974	14545.753186231656	41	179-744	ch1
748	0.5758501937709514	14545.753186231656	41	179-744	ch1
749	0.575850174657705	14545.753186231656	41	179-744	ch1
750	0.5758501555444588	14545.753186231656	41	179-744	ch1
751	0.5758501364312128	14545.750314509828	56	180-748	ch1
752	0.5758501079471088	14545.750314509828	56	180-748	ch1
753	0.5758500794630046	14545.750314509828	56	180-748	ch1
754	0.5758500509789006	14545.750314509828	56	180-748	ch1
755	0.5758500224947966	14545.755872189334	45	181-752	ch1
756	0.5758500776204428	14545.755872189334	45	181-752	ch1
757	0.575850132746089	14545.755872189334	45	181-752	ch1
758	0.575850187871735	14545.755872189334	45	181-752	ch1
759	0.5758502429973812	14545.739653385404	47	182-756	ch1
760	0.5758500821259158	14545.739653385404	47	182-756	ch1
761	0.5758499212544502	14545.739653385404	47	182-756	ch1
762	0.5758497603829848	14545.739653385404	47	182-756	ch1
763	0.5758495995115194	14545.743708361766	35	183-760	ch1
764	0.5758496397321172	14545.743708361766	35	183-760	ch1
765	0.575849679952715	14545.743708361766	35	183-760	ch1
766	0.5758497201733128	14545.743708361766	35	183-760	ch1
767	0.5758497603939106	14545.752468110006	43	184-764	ch1
768	0.5758498472803138	14545.752468110006	43	184-764	ch1
769	0.5758499341667168	14545.752468110006	43	184-764	ch1
770	0.57585002105312	14545.752468110006	43	184-764	ch1
771	0.5758501079395232	14545.759707363436	41	185-768	ch1
772	0.5758501797444054	14545.759707363436	41	185-768	ch1
773	0.5758502515492878	14545.759707363436	41	185-768	ch1
774	0.5758503233541702	14545.759707363436	41	185-768	ch1
775	0.5758503951590526	14545.758901227498	43	186-772	ch1
776	0.575850387163132	14545.758901227498	43	186-772	ch1
777	0.5758503791672112	14545.758901227498	43	186-772	ch1
778	0.5758503711712906	14545.758901227498	43	186-772	ch1
779	0.5758503631753698	14545.748651817872	58	187-776	ch1
780	0.5758502615132772	14545.748651817872	58	187-776	ch1
781	0.5758501598511846	14545.748651817872	58	187-776	ch1
782	0.575850058189092	14545.748651817872	58	187-776	ch1
783	0.5758499565269994	14545.750993390484	51	188-780	ch1
784	0.5758499797526466	14545.750993390484	51	188-780	ch1
785	0.5758500029782938	14545.750993390484	51	188-780	ch1
786	0.575850026203941	14545.750993390484	51	188-780	ch1
787	0.5758500494295882	14545.74751914804	44	189-784	ch1
788	0.575850014969188	14545.74751914804	44	189-784	ch1
789	0.575849980508788	14545.74751914804	44	189-784	ch1
790	0.5758499460483878	14545.74751914804	44	189-784	ch1
791	0.5758499115879876	14545.75681656104	49	190-788	ch1
792	0.575850003807393	14545.75681656104	49	190-788	ch1
793	0.5758500960267984	14545.75681656104	49	190-788	ch1
794	0.5758501882462036	14545.75681656104	49	190-788	ch1
795	0.575850280465609	14545.754069228704	46	191-792	ch1
796	0.5758502532153026	14545.754069228704	46	191-792	ch1
797	0.575850225964996	14545.754069228704	46	191-792	ch1
798	0.5758501987146894	14545.754069228704	46	191-792	ch1
799	0.575850171464383	14545.751239220482	57	192-796	ch1
800	0.5758501433940288	14545.751239220482	57	192-796	ch1
801	0.5758501153236746	14545.751239220482	57	192-796	ch1
802	0.5758500872533204	14545.751239220482	57	192-796	ch1
803	0.5758500591829664	14545.748097023666	52	193-800	ch1
804	0.5758500280160684	14545.748097023666	52	193-800	ch1
805	0.5758499968491706	14545.748097023666	52	193-800	ch1
806	0.5758499656822726	14545.748097023666	52	193-800	ch1
807	0.5758499345153748	14545.746209842018	52	194-804	ch1
808	0.5758499157967516	14545.746209842018	52	194-804	ch1
809	0.5758498970781286	14545.746209842018	52	194-804	ch1
810	0.5758498783595054	14545.746209842018	52	194-804	ch1
811	0.5758498596408824	14545.75522576311	53	195-808	ch1
812	0.575849949068219	14545.75522576311	53	195-808	ch1
813	0.5758500384955556	14545.75522576311	53	195-808	ch1
814	0.5758501279228924	14545.75522576311	53	195-808	ch1
815	0.575850217350229	14545.749861982068	49	196-812	ch1
816	0.5758501641478276	14545.749861982068	49	196-812	ch1
817	0.5758501109454262	14545.749861982068	49	196-812	ch1
818	0.5758500577430248	14545.749861982068	49	196-812	ch1
819	0.5758500045406234	14545.847915764306	46	197-816	ch1
820	0.575850977118855	14545.847915764306	46	197-816	ch1
821	0.5758519496970864	14545.847915764306	46	197-816	ch1
822	0.575852922275318	14545.847915764306	46	197-816	ch1
823	0.5758538948535496	14545.729659475006	25	198-820	ch1
824	0.5758527218902014	14545.729659475006	25	198-820	ch1
825	0.5758515489268532	14545.729659475006	25	198-820	ch1
826	0.575850375963505	14545.729659475006	25	198-820	ch1
827	0.5758492030001568	14545.74200906418	46	199-824	ch1
828	0.575849325493561	14545.74200906418	46	199-824	ch1
829	0.5758494479869656	14545.74200906418	46	199-824	ch1
830	0.57584957048037	14545.74200906418	46	199-824	ch1
831	0.5758496929737742	14545.755042818258	58	200-828	ch1
832	0.57584982225329	14545.755042818258	58	200-828	ch1
833	0.5758499515328058	14545.755042818258	58	200-828	ch1
834	0.5758500808123218	14545.755042818258	58	200-828	ch1
835	0.5758502100918376	14545.765059847182	61	201-832	ch1
836	0.5758503094489866	14545.765059847182	61	201-832	ch1
837	0.575850408806136	14545.765059847182	61	201-832	ch1
838	0.5758505081632852	14545.765059847182	61	201-832	ch1
839	0.5758506075204344	14545.771859584336	43	202-836	ch1
840	0.5758506749658322	14545.771859584336	43	202-836	ch1
841	0.5758507424112298	14545.771859584336	43	202-836	ch1
842	0.5758508098566276	14545.771859584336	43	202-836	ch1
843	0.5758508773020252	14545.771512488548	55	203-840	ch1
844	0.5758508738592432	14545.771512488548	55	203-840	ch1
845	0.575850870416461	14545.771512488548	55	203-840	ch1
846	0.5758508669736788	14545.771512488548	55	203-840	ch1
847	0.5758508635308968	14545.760461649156	38	204-844	ch1
848	0.5758507539195632	14545.760461649156	38	204-844	ch1
849	0.5758506443082296	14545.760461649156	38	204-844	ch1
850	0.5758505346968962	14545.760461649156	38	204-844	ch1
851	0.5758504250855624	14545.756160223156	51	205-848	ch1
852	0.575850382420474	14545.756160223156	51	205-848	ch1
853	0.5758503397553856	14545.756160223156	51	205-848	ch1
854	0.575850297090297	14545.756160223156	51	205-848	ch1
855	0.5758502544252088	14545.755877130316	52	206-852	ch1
856	0.5758502516172606	14545.755877130316	52	206-852	ch1
857	0.5758502488093126	14545.755877130316	52	206-852	ch1
858	0.5758502460013644	14545.755877130316	52	206-852	ch1
859	0.575850243193416	14545.753490011574	45	207-856	ch1
860	0.575850219516005	14545.753490011574	45	207-856	ch1
861	0.5758501958385936	14545.753490011574	45	207-856	ch1
862	0.5758501721611824	14545.753490011574	45	207-856	ch1
863	0.5758501484837714	14545.7508249063	44	208-860	ch1
864	0.5758501220490606	14545.7508249063	44	208-860	ch1
865	0.5758500956143498	14545.7508249063	44	208-860	ch1
866	0.575850069179639	14545.7508249063	44	208-860	ch1
867	0.5758500427449282	14545.745648792894	54	209-864	ch1
868	0.575849991403969	14545.745648792894	54	209-864	ch1
869	0.57584994006301	14545.745648792894	54	209-864	ch1
870	0.575849888722051	14545.745648792894	54	209-864	ch1
871	0.575849837381092	14545.842533167944	49	210-868	ch1
872	0.5758507983601792	14545.842533167944	49	210-868	ch1
873	0.5758517593392662	14545.842533167944	49	210-868	ch1
874	0.5758527203183534	14545.842533167944	49	210-868	ch1
875	0.5758536812974406	14545.75384744316	52	211-872	ch1
876	0.5758528016393244	14545.75384744316	52	211-872	ch1
877	0.575851921981208	14545.75384744316	52	211-872	ch1
878	0.5758510423230918	14545.75384744316	52	211-872	ch1
879	0.5758501626649756	14545.743929748652	41	212-876	ch1
880	0.575850064293107	14545.743929748652	41	212-876	ch1
881	0.5758499659212384	14545.743929748652	41	212-876	ch1
882	0.5758498675493696	14545.743929748652	41	212-876	ch1
883	0.5758497691775012	14545.740320349392	49	213-880	ch1
884	0.5758497333765042	14545.740320349392	49	213-880	ch1
885	0.5758496975755074	14545.740320349392	49	213-880	ch1
886	0.5758496617745106	14545.740320349392	49	213-880	ch1
887	0.5758496259735136	14545.750375233384	61	214-884	ch1
888	0.5758497257061406	14545.750375233384	61	214-884	ch1
889	0.5758498254387676	14545.750375233384	61	214-884	ch1
890	0.5758499251713948	14545.750375233384	61	214-884	ch1
891	0.5758500249040218	14545.746463778632	48	215-888	ch1
892	0.5758499861069896	14545.746463778632	48	215-888	ch1
893	0.5758499473099574	14545.746463778632	48	215-888	ch1
894	0.5758499085129252	14545.746463778632	48	215-888	ch1
893	0.575849869715893	14545.746463778632	48	END	ch1
894	0.575849869715893	14545.746463778632	48	END	ch1
895	0.575849869715893	14545.746463778632	48	END	ch1
896	0.575849869715893	14545.746463778632	48	END	ch1
