Multi MS Window Export

Acqusition Time: 20.12.2020 / 14:23:51
Number of Spectra: 896
Min Mass: 75.8429 m/z
Max Mass: 76.0396 m/z
Number of Accumulations: 30
Interscandelay: 100
Time Multiplicity: 2
Overflow Number: 0
Calibration-B: 0.575849
Time Step: 0.0016
comment:
14:38: MS 450 RT window adjusted from 9.97 to 9.975 because 76Rb went up

Clipped at MS105 when beam merging turned on.


Target:	MS "MS 1 - 896 t-res ni=1066.7"
m/z	->	N
75.9320862239925	1
75.93210293048452	2
75.93211963697838	0
75.93213634347406	0
75.9321530499716	0
75.93216975647096	0
75.93218646297216	0
75.9322031694752	1
75.93221987598008	0
75.9322365824868	0
75.93225328899534	0
75.93226999550576	0
75.93228670201798	2
75.93230340853204	0
75.93232011504794	1
75.9323368215657	1
75.9323535280853	0
75.9323702346067	0
75.93238694112996	2
75.93240364765506	0
75.932420354182	0
75.93243706071076	0
75.93245376724138	0
75.93247047377382	1
75.9324871803081	0
75.93250388684422	0
75.9325205933822	0
75.932537299922	1
75.93255400646362	1
75.9325707130071	0
75.93258741955242	0
75.93260412609956	0
75.93262083264856	0
75.9326375391994	1
75.93265424575206	0
75.93267095230656	2
75.9326876588629	0
75.93270436542108	1
75.93272107198108	1
75.93273777854294	0
75.93275448510664	0
75.93277119167216	0
75.93278789823952	0
75.93280460480872	1
75.93282131137978	0
75.93283801795266	1
75.93285472452738	1
75.93287143110392	1
75.93288813768234	0
75.93290484426256	0
75.93292155084464	1
75.93293825742854	0
75.9329549640143	1
75.93297167060188	1
75.93298837719128	0
75.93300508378256	1
75.93302179037566	0
75.93303849697058	0
75.93305520356736	0
75.93307191016598	0
75.93308861676642	0
75.9331053233687	2
75.93312202997282	0
75.9331387365788	2
75.9331554431866	2
75.93317214979622	1
75.93318885640772	2
75.93320556302102	0
75.93322226963618	2
75.93323897625316	3
75.933255682872	1
75.93327238949266	0
75.93328909611516	1
75.9333058027395	3
75.93332250936568	1
75.9333392159937	3
75.93335592262356	1
75.93337262925526	1
75.93338933588878	0
75.93340604252414	3
75.93342274916136	2
75.9334394558004	3
75.93345616244128	1
75.933472869084	2
75.93348957572854	2
75.93350628237496	2
75.9335229890232	4
75.93353969567326	3
75.93355640232518	2
75.93357310897892	2
75.93358981563452	2
75.93360652229192	2
75.9336232289512	3
75.9336399356123	7
75.93365664227522	3
75.93367334894	5
75.93369005560662	1
75.93370676227508	1
75.93372346894536	4
75.93374017561748	6
75.93375688229144	6
75.93377358896724	6
75.93379029564488	9
75.93380700232436	4
75.93382370900568	4
75.93384041568882	1
75.93385712237382	7
75.93387382906064	9
75.93389053574932	9
75.93390724243982	5
75.93392394913216	7
75.93394065582636	9
75.93395736252236	8
75.93397406922022	10
75.93399077591992	11
75.93400748262144	6
75.9340241893248	18
75.93404089603002	18
75.93405760273708	12
75.93407430944596	15
75.93409101615668	13
75.93410772286924	23
75.93412442958364	16
75.93414113629986	18
75.93415784301794	31
75.93417454973786	20
75.9341912564596	36
75.93420796318318	35
75.9342246699086	32
75.93424137663588	55
75.93425808336498	41
75.9342747900959	65
75.9342914968287	75
75.9343082035633	76
75.93432491029976	100
75.93434161703804	106
75.93435832377818	141
75.93437503052014	185
75.93439173726394	283
75.93440844400956	389
75.93442515075706	512
75.93444185750638	622
75.93445856425754	774
75.93447527101054	1002
75.93449197776536	1031
75.93450868452202	1027
75.93452539128052	1125
75.93454209804086	1035
75.93455880480306	958
75.93457551156706	817
75.93459221833292	680
75.93460892510062	585
75.93462563187016	452
75.93464233864152	325
75.93465904541476	209
75.9346757521898	179
75.93469245896668	143
75.9347091657454	121
75.93472587252596	95
75.93474257930836	79
75.9347592860926	52
75.93477599287866	55
75.93479269966658	53
75.93480940645632	43
75.93482611324792	25
75.93484282004134	26
75.9348595268366	28
75.9348762336337	17
75.93489294043264	16
75.93490964723344	12
75.93492635403604	11
75.93494306084048	17
75.93495976764676	22
75.9349764744549	14
75.93499318126488	14
75.93500988807666	9
75.93502659489032	11
75.9350433017058	7
75.93506000852312	5
75.93507671534226	6
75.93509342216326	5
75.9351101289861	8
75.93512683581076	4
75.93514354263726	6
75.93516024946562	4
75.93517695629582	3
75.93519366312782	3
75.93521036996168	3
75.93522707679738	5
75.9352437836349	2
75.93526049047428	2
75.9352771973155	2
75.93529390415854	1
75.93531061100344	1
75.93532731785014	3
75.93534402469872	2
75.93536073154912	1
75.93537743840136	1
75.93539414525544	1
75.93541085211136	1
75.9354275589691	0
75.93544426582868	0
75.93546097269012	0
75.93547767955338	3
75.93549438641848	1
75.93551109328542	0
75.9355278001542	0
75.93554450702482	0
75.93556121389726	1
75.93557792077156	2
75.9355946276477	3
75.93561133452566	1
75.93562804140546	1
75.9356447482871	0
75.9356614551706	0
75.9356781620559	1
75.93569486894306	1
75.93571157583206	1
75.9357282827229	3
75.93574498961556	1
75.93576169651008	1
75.93577840340642	0
75.9357951103046	0
75.93581181720462	0
75.93582852410648	1
75.93584523101018	1
75.93586193791572	1
75.93587864482308	0
75.9358953517323	0
75.93591205864336	1
75.93592876555624	0
75.93594547247096	0
75.93596217938754	0
75.93597888630592	0
75.93599559322616	0
75.93601230014826	1
75.93602900707216	1
75.9360457139979	1
75.9360624209255	0
75.93607912785492	1
75.9360958347862	1
75.9361125417193	0
75.93612924865424	1
75.93614595559102	0
75.93616266252964	1
75.93617936947008	0
75.9361960764124	1
75.93621278335652	0
75.93622949030248	0
75.93624619725028	0
75.93626290419994	0
75.93627961115142	0
75.93629631810474	0
75.9363130250599	0
75.9363297320169	0
75.93634643897574	1
75.9363631459364	0
75.93637985289892	0
75.93639655986326	0
75.93641326682946	0
75.93642997379746	0
75.93644668076734	2
75.93646338773902	0
75.93648009471256	1
75.93649680168796	0
75.93651350866516	0
75.9365302156442	0
75.93654692262508	1
75.93656362960782	0
75.9365803365924	0
75.9365970435788	0
75.93661375056702	1
75.9366304575571	0
75.93664716454902	1
75.93666387154276	0
75.93668057853838	0
75.9366972855358	0
75.93671399253506	0
75.93673069953616	1
75.93674740653912	0
75.9367641135439	0
75.93678082055052	0
75.93679752755896	0
75.93681423456928	0
75.9368309415814	0
75.93684764859536	1
75.93686435561118	0
75.93688106262882	0
75.9368977696483	1
75.93691447666962	0
75.9369311836928	1
75.93694789071778	1
75.93696459774462	0
75.93698130477328	0
75.93699801180382	0
75.93701471883616	0
75.93703142587034	0
75.93704813290638	0
75.93706483994424	0
75.93708154698392	0
75.93709825402546	0
75.93711496106884	0
75.93713166811406	0
75.9371483751611	0
75.93716508221	0
75.93718178926072	1
75.9371984963133	1
75.9372152033677	0
75.93723191042394	0
75.93724861748202	0
75.93726532454194	0
75.93728203160368	0
75.93729873866728	0
75.93731544573272	0
75.93733215279998	1
75.93734885986908	0
75.93736556694004	0
75.9373822740128	0
75.93739898108744	0
75.9374156881639	0
75.93743239524218	0
75.93744910232232	0
75.9374658094043	1
75.9374825164881	0
75.93749922357374	1
75.93751593066122	0
75.93753263775056	0
75.93754934484172	0
75.93756605193472	1
75.93758275902954	0
75.93759946612624	0
75.93761617322474	1
75.93763288032508	1
75.93764958742726	0
75.9376662945313	0
75.93768300163718	0
75.93769970874486	0
75.9377164158544	0
75.93773312296578	0
75.937749830079	0
75.93776653719406	0
75.93778324431096	0
75.93779995142968	0
75.93781665855024	0
75.93783336567264	0
75.9378500727969	0
75.93786677992298	0
75.93788348705088	0
75.93790019418064	0
75.93791690131224	0
75.93793360844566	0
75.93795031558094	0
75.93796702271806	0
75.937983729857	0
75.93800043699778	0
75.9380171441404	0
75.93803385128486	0
75.93805055843114	1
75.93806726557928	0
75.93808397272926	0
75.93810067988108	0
75.93811738703472	0
75.9381340941902	0
75.93815080134754	0
75.9381675085067	0
75.9381842156677	0
75.93820092283052	0
75.93821762999522	0
75.93823433716172	1
75.93825104433006	0
75.93826775150026	0
75.9382844586723	0
75.93830116584614	0
75.93831787302184	0
75.9383345801994	0
75.93835128737878	1
75.93836799455998	0
75.93838470174304	0
75.93840140892794	0
75.93841811611466	0
75.93843482330324	0
75.93845153049364	0
75.93846823768588	0
75.93848494487996	0
75.9385016520759	0
75.93851835927364	0
75.93853506647324	0
75.93855177367466	0
75.93856848087794	1
75.93858518808306	0
75.93860189529	1
75.93861860249878	0
75.9386353097094	0
75.93865201692186	1
75.93866872413616	0
75.9386854313523	0
75.93870213857028	0
75.9387188457901	0
75.93873555301172	0
75.93875226023522	1
75.93876896746056	0
75.93878567468772	0
75.9388023819167	0
75.93881908914754	1
75.93883579638024	0
75.93885250361474	0
75.9388692108511	0
75.9388859180893	0
75.93890262532932	0
75.93891933257118	0
75.93893603981488	1
75.93895274706044	0
75.93896945430782	0
75.93898616155704	0
75.93900286880808	0
75.93901957606098	0
75.9390362833157	0
75.93905299057226	0
75.9390696978307	0
75.93908640509094	0
75.93910311235302	0
75.93911981961692	0
75.9391365268827	0
75.93915323415028	0
75.93916994141972	0
75.939186648691	0
75.93920335596412	0
75.93922006323906	0
75.93923677051584	0
75.93925347779448	1
75.93927018507492	0
75.93928689235722	0
75.93930359964136	0
75.93932030692734	1
75.93933701421514	0
75.9393537215048	0
75.9393704287963	0
75.93938713608962	0
75.93940384338478	0
75.93942055068178	0
75.93943725798064	0
75.9394539652813	0
75.93947067258382	0
75.93948737988816	0
75.93950408719436	1
75.9395207945024	0
75.93953750181226	1
75.93955420912398	0
75.93957091643752	0
75.9395876237529	0
75.9396043310701	0
75.93962103838918	0
75.93963774571006	0
75.9396544530328	1
75.93967116035736	1
75.93968786768378	0
75.93970457501202	1
75.9397212823421	0
75.93973798967404	0
75.9397546970078	0
75.93977140434338	0
75.93978811168082	0
75.9398048190201	0
75.9398215263612	2
75.93983823370416	0
75.93985494104894	0
75.93987164839558	0
75.93988835574404	1
75.93990506309434	1
75.93992177044648	0
75.93993847780046	0
75.93995518515626	1
75.93997189251392	0
75.9399885998734	0
75.94000530723474	1
75.9400220145979	0
75.9400387219629	0
75.94005542932976	0
75.94007213669842	0
75.94008884406894	2
75.9401055514413	0
75.9401222588155	0
75.94013896619152	1
75.94015567356938	2
75.9401723809491	0
75.94018908833064	0
75.94020579571402	1
75.94022250309924	0
75.9402392104863	1
75.9402559178752	0
75.94027262526592	1
75.94028933265852	0
75.94030604005292	2
75.94032274744916	0
75.94033945484724	0
75.94035616224718	2
75.94037286964894	1
75.94038957705254	1
75.94040628445796	1
75.94042299186524	2
75.94043969927436	0
75.9404564066853	1
75.9404731140981	0
75.94048982151272	0
75.94050652892918	1
75.94052323634748	2
75.94053994376764	1
75.9405566511896	0
75.94057335861342	3
75.94059006603906	3
75.94060677346656	0
75.9406234808959	3
75.94064018832706	2
75.94065689576008	1
75.94067360319492	1
75.94069031063158	1
75.9407070180701	0
75.94072372551048	0
75.94074043295266	2
75.94075714039668	5
75.94077384784256	0
75.94079055529026	3
75.94080726273982	3
75.9408239701912	3
75.94084067764442	3
75.94085738509948	2
75.94087409255638	4
75.9408908000151	2
75.9409075074757	2
75.9409242149381	1
75.94094092240234	1
75.94095762986842	8
75.94097433733636	10
75.94099104480612	10
75.94100775227772	10
75.94102445975116	14
75.94104116722644	8
75.94105787470356	19
75.94107458218248	32
75.9410912896633	39
75.94110799714592	68
75.94112470463038	101
75.94114141211666	124
75.94115811960482	156
75.9411748270948	170
75.94119153458662	179
75.94120824208028	189
75.94122494957578	180
75.9412416570731	155
75.94125836457226	115
75.94127507207328	97
75.94129177957612	75
75.9413084870808	52
75.94132519458732	44
75.94134190209568	31
75.94135860960588	26
75.9413753171179	23
75.94139202463178	15
75.94140873214748	16
75.94142543966504	8
75.9414421471844	5
75.94145885470564	7
75.9414755622287	6
75.9414922697536	3
75.94150897728032	2
75.94152568480892	3
75.94154239233932	7
75.94155909987158	7
75.94157580740568	3
75.9415925149416	4
75.94160922247934	4
75.94162593001894	1
75.9416426375604	3
75.94165934510366	2
75.94167605264878	2
75.94169276019572	1
75.94170946774454	0
75.94172617529514	2
75.94174288284762	1
75.94175959040194	0
75.94177629795808	0
75.94179300551606	0
75.94180971307586	1
75.94182642063754	2
75.94184312820102	1
75.94185983576634	3
75.94187654333352	0
75.94189325090252	0
75.94190995847338	0
75.94192666604604	1
75.94194337362058	2
75.94196008119694	1
75.94197678877512	0
75.94199349635516	0
75.94201020393704	0
75.94202691152074	0
75.9420436191063	0
75.94206032669368	0
75.9420770342829	0
75.94209374187396	1
75.94211044946688	0
75.94212715706162	0
75.94214386465818	1
75.9421605722566	1
75.94217727985684	0
75.94219398745894	0
75.94221069506286	1
75.94222740266862	0
75.94224411027622	0
75.94226081788568	0
75.94227752549696	0
75.94229423311006	0
75.94231094072502	0
75.94232764834182	0
75.94234435596044	0
75.9423610635809	0
75.94237777120322	0
75.94239447882736	0
75.94241118645334	0
75.94242789408116	0
75.94244460171082	0
75.94246130934232	0
75.94247801697564	0
75.94249472461082	0
75.94251143224784	0
75.94252813988666	1
75.94254484752734	0
75.9425615551699	1
75.94257826281424	0
75.94259497046044	0
75.94261167810846	0
75.94262838575836	0
75.94264509341006	0
75.94266180106362	0
75.942678508719	0
75.94269521637622	1
75.94271192403528	0
75.94272863169618	0
75.94274533935892	0
75.9427620470235	0
75.94277875468992	0
75.94279546235816	1
75.94281217002826	1
75.94282887770018	0
75.94284558537396	0
75.94286229304956	0
75.942879000727	0
75.94289570840628	1
75.94291241608738	0
75.94292912377036	0
75.94294583145516	0
75.94296253914178	0
75.94297924683024	0
75.94299595452056	0
75.9430126622127	0
75.94302936990668	0
75.9430460776025	1
75.94306278530016	0
75.94307949299966	0
75.94309620070098	0
75.94311290840416	0
75.94312961610918	0
75.94314632381602	0
75.9431630315247	1
75.94317973923524	1
75.94319644694758	0
75.94321315466178	0
75.94322986237784	0
75.9432465700957	0
75.9432632778154	0
75.94327998553696	0
75.94329669326036	0
75.94331340098558	0
75.94333010871264	0
75.94334681644154	0
75.94336352417228	0
75.94338023190488	0
75.94339693963928	0
75.94341364737554	0
75.94343035511364	0
75.94344706285356	0
75.94346377059532	0
75.94348047833894	0
75.94349718608438	0
75.94351389383166	1
75.94353060158076	0
75.94354730933174	0
75.94356401708454	1
75.94358072483916	0
75.94359743259564	1
75.94361414035394	0
75.94363084811408	0
75.94364755587606	0
75.9436642636399	0
75.94368097140554	0
75.94369767917304	0
75.94371438694238	0
75.94373109471356	1
75.94374780248656	0
75.9437645102614	0
75.94378121803812	0
75.94379792581664	0
75.943814633597	1
75.94383134137918	0
75.94384804916324	0
75.9438647569491	1
75.94388146473682	1
75.94389817252636	2
75.94391488031776	0
75.94393158811098	0
75.94394829590604	0
75.94396500370296	0
75.9439817115017	0
75.94399841930228	0
75.9440151271047	0
75.94403183490896	0
75.94404854271504	0
75.94406525052298	0
75.94408195833274	0
75.94409866614436	0
75.9441153739578	1
75.94413208177306	0
75.9441487895902	0
75.94416549740916	0
75.94418220522996	1
75.94419891305258	0
75.94421562087706	0
75.94423232870336	0
75.9442490365315	0
75.9442657443615	1
75.94428245219332	0
75.94429916002698	0
75.94431586786248	0
75.94433257569982	0
75.944349283539	1
75.94436599138	2
75.94438269922284	0
75.94439940706756	0
75.94441611491406	1
75.94443282276242	2
75.94444953061264	0
75.94446623846468	1
75.94448294631854	0
75.94449965417428	0
75.94451636203182	0
75.94453306989122	1
75.94454977775244	2
75.9445664856155	0
75.94458319348042	0
75.94459990134716	1
75.94461660921574	0
75.94463331708614	1
75.94465002495842	1
75.9446667328325	1
75.94468344070844	0
75.94470014858622	1
75.94471685646582	1
75.94473356434726	0
75.94475027223054	0
75.94476698011568	2
75.94478368800262	0
75.94480039589142	0
75.94481710378204	0
75.94483381167454	2
75.94485051956884	0
75.94486722746498	0
75.94488393536298	0
75.9449006432628	2
75.94491735116446	0
75.94493405906796	0
75.94495076697332	2
75.94496747488048	2
75.94498418278948	0
75.94500089070034	0
75.94501759861304	0
75.94503430652756	2
75.94505101444392	1
75.94506772236214	1
75.94508443028218	1
75.94510113820404	0
75.94511784612776	0
75.94513455405334	1
75.94515126198072	2
75.94516796990994	0
75.945184677841	4
75.94520138577392	0
75.94521809370866	2
75.94523480164524	0
75.94525150958368	2
75.94526821752392	1
75.94528492546602	3
75.94530163340994	1
75.94531834135572	1
75.94533504930332	2
75.94535175725278	1
75.94536846520404	0
75.94538517315718	1
75.94540188111214	0
75.94541858906894	2
75.9454352970276	1
75.94545200498806	1
75.94546871295036	0
75.94548542091452	5
75.94550212888052	1
75.94551883684832	5
75.945535544818	3
75.94555225278948	2
75.94556896076284	2
75.945585668738	3
75.94560237671502	5
75.94561908469388	1
75.94563579267458	4
75.9456525006571	4
75.94566920864146	8
75.94568591662768	2
75.94570262461572	3
75.94571933260558	3
75.9457360405973	5
75.94575274859086	8
75.94576945658626	5
75.94578616458348	5
75.94580287258256	4
75.94581958058346	11
75.94583628858622	7
75.9458529965908	10
75.94586970459722	14
75.94588641260548	16
75.94590312061556	13
75.9459198286275	20
75.94593653664128	14
75.94595324465688	18
75.94596995267432	8
75.94598666069362	21
75.94600336871474	18
75.9460200767377	23
75.9460367847625	21
75.94605349278916	39
75.94607020081762	27
75.94608690884792	35
75.94610361688008	40
75.94612032491408	48
75.9461370329499	55
75.94615374098756	67
75.94617044902706	95
75.94618715706842	182
75.94620386511158	213
75.9462205731566	323
75.94623728120346	436
75.94625398925214	519
75.94627069730268	637
75.94628740535504	807
75.94630411340926	1032
75.9463208214653	1399
75.94633752952316	1013
75.9463542375829	702
75.94637094564446	587
75.94638765370784	478
75.94640436177306	345
75.94642106984016	277
75.94643777790906	212
75.9464544859798	165
75.94647119405238	143
75.9464879021268	101
75.94650461020306	73
75.94652131828116	75
75.94653802636112	62
75.94655473444288	49
75.94657144252648	45
75.94658815061194	33
75.94660485869924	31
75.94662156678836	29
75.94663827487932	33
75.94665498297212	25
75.94667169106676	19
75.94668839916322	20
75.94670510726154	14
75.9467218153617	15
75.94673852346368	17
75.94675523156752	18
75.94677193967318	7
75.9467886477807	13
75.94680535589002	9
75.9468220640012	13
75.94683877211422	11
75.94685548022908	11
75.94687218834576	7
75.9468888964643	1
75.94690560458468	5
75.94692231270688	2
75.94693902083092	5
75.9469557289568	5
75.94697243708454	3
75.94698914521408	6
75.94700585334548	1
75.9470225614787	2
75.94703926961378	4
75.9470559777507	3
75.94707268588944	5
75.94708939403004	4
75.94710610217246	4
75.94712281031672	4
75.94713951846282	1
75.94715622661076	3
75.94717293476052	2
75.94718964291214	2
75.94720635106558	1
75.94722305922088	1
75.947239767378	1
75.94725647553696	0
75.94727318369778	2
75.94728989186042	0
75.9473066000249	2
75.9473233081912	0
75.94734001635936	2
75.94735672452934	0
75.94737343270118	1
75.94739014087484	0
75.94740684905036	4
75.9474235572277	1
75.94744026540688	1
75.9474569735879	1
75.94747368177076	1
75.94749038995544	1
75.94750709814198	0
75.94752380633036	0
75.94754051452056	0
75.9475572227126	0
75.94757393090648	0
75.9475906391022	0
75.94760734729978	0
75.94762405549916	0
75.94764076370042	1
75.94765747190348	1
75.94767418010838	0
75.94769088831512	1
75.94770759652372	0
75.94772430473414	1
75.9477410129464	0
75.9477577211605	0
75.94777442937644	0
75.94779113759422	0
75.94780784581384	2
75.9478245540353	0
75.94784126225858	1
75.9478579704837	0
75.94787467871066	0
75.94789138693948	0
75.94790809517012	0
75.9479248034026	0
75.9479415116369	0
75.94795821987306	0
75.94797492811106	1
75.94799163635088	0
75.94800834459258	0
75.94802505283606	1
75.9480417610814	1
75.9480584693286	0
75.94807517757762	0
75.94809188582846	1
75.94810859408116	0
75.94812530233568	1
75.94814201059206	0
75.94815871885028	0
75.94817542711032	0
75.94819213537222	0
75.94820884363592	0
75.9482255519015	0
75.94824226016888	0
75.94825896843814	0
75.9482756767092	0
75.94829238498212	0
75.94830909325686	0
75.94832580153346	0
75.94834250981188	0
75.94835921809214	1
75.94837592637426	0
75.94839263465818	0
75.94840934294396	0
75.94842605123156	1
75.94844275952104	0
75.94845946781232	0
75.94847617610544	0
75.94849288440042	0
75.94850959269722	0
75.94852630099588	0
75.94854300929634	0
75.94855971759868	1
75.94857642590282	0
75.94859313420882	0
75.94860984251664	0
75.94862655082632	0
75.94864325913782	0
75.94865996745116	0
75.94867667576634	0
75.94869338408338	0
75.94871009240222	0
75.94872680072292	0
75.94874350904548	1
75.94876021736984	0
75.94877692569604	0
75.9487936340241	0
75.94881034235398	0
75.94882705068572	0
75.94884375901926	0
75.94886046735466	0
75.9488771756919	1
75.94889388403098	0
75.9489105923719	0
75.94892730071464	0
75.94894400905924	0
75.94896071740566	0
75.94897742575392	0
75.94899413410404	0
75.94901084245596	1
75.94902755080976	0
75.94904425916536	1
75.94906096752284	0
75.94907767588212	0
75.94909438424324	1
75.94911109260622	0
75.94912780097102	0
75.94914450933766	1
75.94916121770614	0
75.94917792607646	0
75.94919463444862	0
75.94921134282262	0
75.94922805119844	0
75.94924475957612	0
75.94926146795562	0
75.94927817633696	1
75.94929488472016	0
75.94931159310518	0
75.94932830149204	0
75.94934500988074	0
75.94936171827128	1
75.94937842666364	0
75.94939513505786	0
75.9494118434539	0
75.9494285518518	0
75.94944526025152	0
75.94946196865308	0
75.9494786770565	0
75.94949538546174	0
75.9495120938688	0
75.94952880227772	0
75.94954551068848	0
75.94956221910106	0
75.9495789275155	0
75.94959563593174	0
75.94961234434986	1
75.9496290527698	0
75.94964576119158	0
75.94966246961522	0
75.94967917804066	0
75.94969588646796	0
75.94971259489706	0
75.94972930332806	0
75.94974601176086	0
75.9497627201955	0
75.94977942863198	0
75.94979613707032	0
75.94981284551046	1
75.94982955395246	0
75.9498462623963	0
75.94986297084196	0
75.94987967928948	0
75.94989638773882	0
75.94991309619002	0
75.94992980464304	0
75.94994651309788	1
75.94996322155458	0
75.94997993001314	0
75.94999663847352	0
75.95001334693572	0
75.95003005539978	0
75.95004676386566	0
75.95006347233338	0
75.95008018080294	0
75.95009688927436	0
75.9501135977476	0
75.95013030622266	1
75.95014701469958	0
75.95016372317836	0
75.95018043165894	1
75.95019714014136	0
75.95021384862564	0
75.95023055711174	0
75.95024726559968	0
75.95026397408946	0
75.95028068258108	0
75.95029739107454	1
75.95031409956982	0
75.95033080806696	0
75.95034751656594	0
75.95036422506674	0
75.95038093356938	0
75.95039764207388	0
75.9504143505802	0
75.95043105908834	0
75.95044776759836	0
75.95046447611018	0
75.95048118462386	0
75.95049789313938	0
75.95051460165672	0
75.9505313101759	0
75.95054801869694	0
75.95056472721978	0
75.9505814357445	0
75.95059814427104	0
75.9506148527994	0
75.95063156132962	1
75.9506482698617	0
75.95066497839558	0
75.9506816869313	0
75.95069839546886	0
75.95071510400828	0
75.95073181254952	0
75.95074852109258	1
75.95076522963752	0
75.95078193818426	0
75.95079864673286	0
75.95081535528328	1
75.95083206383556	0
75.95084877238966	0
75.9508654809456	0
75.9508821895034	0
75.950898898063	0
75.95091560662446	0
75.95093231518776	0
75.9509490237529	0
75.95096573231988	0
75.95098244088868	0
75.95099914945932	0
75.95101585803182	0
75.95103256660614	0
75.9510492751823	0
75.9510659837603	0
75.95108269234014	0
75.95109940092182	1
75.95111610950532	0
75.95113281809068	0
75.95114952667786	0
75.95116623526688	0
75.95118294385774	0
75.95119965245046	0
75.95121636104498	0
75.95123306964136	0
75.9512497782396	0
75.95126648683964	0
75.95128319544152	0
75.95129990404524	0
75.95131661265084	0
75.95133332125824	0
75.95135002986748	0
75.95136673847854	0
75.95138344709148	0
75.95140015570622	0
75.95141686432282	2
75.95143357294126	0
75.95145028156152	0
75.95146699018364	0
75.95148369880756	0
75.95150040743336	1
75.95151711606098	0
75.95153382469044	0
75.95155053332172	0
75.95156724195488	0
75.95158395058986	0
75.95160065922666	0
75.95161736786532	0
75.9516340765058	0
75.95165078514812	0
75.95166749379228	0
75.9516842024383	0
75.95170091108612	0
75.9517176197358	0
75.9517343283873	0
75.95175103704068	1
75.95176774569586	1
75.95178445435288	0
75.95180116301176	0
75.95181787167246	0
75.95183458033498	0
75.95185128899936	0
75.9518679976656	0
75.95188470633364	0
75.95190141500352	0
75.95191812367526	1
75.95193483234884	0
75.95195154102424	0
75.95196824970148	0
75.95198495838056	0
75.95200166706148	0
75.95201837574424	0
75.95203508442884	0
75.95205179311528	0
75.95206850180354	0
75.95208521049364	0
75.95210191918558	0
75.95211862787938	0
75.952135336575	0
75.95215204527246	0
75.95216875397176	0
75.9521854626729	0
75.95220217137586	0
75.95221888008068	0
75.95223558878734	0
75.95225229749582	0
75.95226900620614	0
75.9522857149183	0
75.95230242363232	0
75.95231913234816	0
75.95233584106582	0
75.95235254978536	0
75.9523692585067	0
75.9523859672299	0
75.9524026759549	0
75.9524193846818	0
75.95243609341048	0
75.95245280214102	0
75.9524695108734	0
75.95248621960762	0
75.95250292834368	0
75.95251963708156	0
75.95253634582132	0
75.95255305456288	0
75.9525697633063	0
75.95258647205152	0
75.95260318079862	0
75.95261988954754	0
75.95263659829828	0
75.95265330705088	0
75.95267001580532	1
75.9526867245616	1
75.9527034333197	0
75.95272014207966	0
75.95273685084146	0
75.95275355960506	0
75.95277026837052	0
75.95278697713784	0
75.95280368590696	0
75.95282039467794	0
75.95283710345076	0
75.95285381222542	0
75.9528705210019	0
75.95288722978022	1
75.9529039385604	0
75.9529206473424	0
75.95293735612624	0
75.9529540649119	0
75.95297077369944	0
75.95298748248878	0
75.95300419127996	0
75.953020900073	0
75.95303760886788	0
75.95305431766458	0
75.95307102646312	0
75.95308773526352	0
75.95310444406572	0
75.95312115286978	0
75.95313786167566	0
75.95315457048342	0
75.95317127929298	0
75.95318798810438	0
75.95320469691762	0
75.95322140573272	0
75.95323811454964	0
75.95325482336838	0
75.953271532189	0
75.95328824101144	0
75.9533049498357	0
75.95332165866182	0
75.95333836748976	0
75.95335507631956	0
75.95337178515118	0
75.95338849398464	0
75.95340520281994	0
75.95342191165708	0
75.95343862049604	0
75.95345532933688	0
75.95347203817954	0
75.95348874702402	0
75.95350545587034	0
75.95352216471852	0
75.9535388735685	0
75.95355558242036	0
75.95357229127404	0
75.95358900012956	0
75.9536057089869	0
75.9536224178461	0
75.95363912670714	1
75.95365583557	0
75.95367254443472	1
75.95368925330126	0
75.95370596216964	0
75.95372267103986	0
75.95373937991192	0
75.9537560887858	0
75.95377279766154	0
75.95378950653912	0
75.95380621541852	0
75.9538229242998	0
75.95383963318288	0
75.95385634206778	0
75.95387305095454	0
75.95388975984316	0
75.95390646873358	0
75.95392317762586	0
75.95393988651996	0
75.95395659541592	0
75.95397330431372	0
75.95399001321334	0
75.9540067221148	0
75.9540234310181	0
75.95404013992324	0
75.95405684883022	0
75.95407355773904	0
75.9540902666497	0
75.95410697556218	0
75.9541236844765	0
75.95414039339268	0
75.95415710231068	0
75.95417381123052	0
75.95419052015222	0
75.95420722907572	0
75.95422393800108	0
75.95424064692828	0
75.95425735585732	0
75.95427406478818	0
75.95429077372088	0
75.95430748265542	0
75.95432419159182	0
75.95434090053004	0
75.9543576094701	0
75.95437431841202	0
75.95439102735574	0
75.95440773630132	0
75.9544244452487	0
75.95444115419798	0
75.95445786314906	0
75.95447457210198	0
75.95449128105674	0
75.95450799001334	0
75.95452469897178	0
75.95454140793206	0
75.95455811689418	0
75.95457482585812	0
75.9545915348239	0
75.95460824379154	0
75.95462495276102	0
75.95464166173232	0
75.95465837070546	0
75.95467507968042	0
75.95469178865724	0
75.9547084976359	0
75.9547252066164	0
75.95474191559874	0
75.9547586245829	0
75.9547753335689	0
75.95479204255674	0
75.95480875154642	0
75.95482546053796	0
75.9548421695313	0
75.9548588785265	0
75.95487558752354	0
75.9548922965224	0
75.95490900552312	0
75.95492571452568	0
75.95494242353004	0
75.95495913253626	0
75.95497584154434	0
75.95499255055424	0
75.95500925956598	0
75.95502596857954	0
75.95504267759496	0
75.95505938661222	0
75.95507609563128	0
75.95509280465222	1
75.95510951367498	0
75.9551262226996	0
75.95514293172602	0
75.9551596407543	0
75.95517634978442	0
75.95519305881636	0
75.95520976785016	1
75.95522647688578	0
75.95524318592326	0
75.95525989496256	0
75.9552766040037	0
75.9552933130467	0
75.95531002209152	0
75.95532673113816	0
75.95534344018664	1
75.955360149237	0
75.95537685828916	1
75.95539356734316	0
75.955410276399	0
75.9554269854567	0
75.95544369451622	0
75.95546040357756	0
75.95547711264078	0
75.9554938217058	0
75.95551053077268	0
75.95552723984138	1
75.95554394891194	0
75.95556065798432	0
75.95557736705854	0
75.9555940761346	0
75.95561078521252	0
75.95562749429224	0
75.95564420337382	0
75.95566091245726	0
75.9556776215425	0
75.95569433062958	0
75.9557110397185	0
75.95572774880928	0
75.95574445790188	0
75.95576116699632	0
75.95577787609258	0
75.95579458519072	0
75.95581129429066	0
75.95582800339246	1
75.9558447124961	0
75.95586142160156	0
75.95587813070886	0
75.955894839818	0
75.955911548929	0
75.95592825804182	0
75.95594496715646	0
75.95596167627296	0
75.9559783853913	0
75.95599509451148	0
75.95601180363346	0
75.95602851275734	0
75.956045221883	0
75.95606193101052	0
75.95607864013988	0
75.95609534927108	0
75.95611205840412	0
75.95612876753898	0
75.9561454766757	0
75.95616218581426	0
75.95617889495466	0
75.95619560409686	0
75.95621231324094	0
75.95622902238684	0
75.95624573153458	0
75.95626244068414	0
75.95627914983558	0
75.95629585898882	0
75.9563125681439	0
75.95632927730082	0
75.95634598645962	0
75.9563626956202	0
75.95637940478264	0
75.95639611394694	0
75.95641282311304	0
75.956429532281	0
75.9564462414508	0
75.95646295062244	0
75.9564796597959	0
75.9564963689712	0
75.95651307814836	0
75.95652978732734	0
75.95654649650816	0
75.95656320569082	0
75.95657991487532	0
75.95659662406166	0
75.95661333324982	0
75.95663004243982	0
75.95664675163168	0
75.95666346082536	0
75.95668017002088	0
75.95669687921824	0
75.95671358841744	0
75.95673029761848	0
75.95674700682136	0
75.95676371602608	0
75.95678042523262	0
75.956797134441	0
75.95681384365124	0
75.95683055286332	0
75.9568472620772	0
75.95686397129296	0
75.95688068051052	0
75.95689738972996	0
75.9569140989512	0
75.95693080817428	0
75.95694751739922	0
75.95696422662598	0
75.9569809358546	0
75.95699764508502	0
75.95701435431732	0
75.95703106355144	0
75.9570477727874	0
75.95706448202518	0
75.95708119126482	0
75.95709790050628	0
75.9571146097496	0
75.95713131899474	0
75.95714802824174	0
75.95716473749054	0
75.9571814467412	0
75.95719815599372	0
75.95721486524806	1
75.95723157450422	0
75.95724828376222	0
75.95726499302208	0
75.95728170228378	0
75.95729841154728	0
75.95731512081266	0
75.95733183007986	0
75.9573485393489	0
75.95736524861978	0
75.95738195789248	0
75.95739866716704	0
75.95741537644342	0
75.95743208572166	0
75.95744879500172	0
75.95746550428362	0
75.95748221356736	0
75.95749892285296	0
75.95751563214036	0
75.95753234142962	0
75.9575490507207	0
75.95756576001366	0
75.95758246930842	0
75.95759917860502	0
75.95761588790346	0
75.95763259720374	0
75.95764930650586	0
75.95766601580982	0
75.95768272511562	0
75.95769943442326	0
75.95771614373272	0
75.95773285304402	0
75.95774956235718	0
75.95776627167218	0
75.95778298098898	0
75.95779969030764	0
75.95781639962816	0
75.95783310895048	0
75.95784981827466	0
75.9578665276007	0
75.95788323692852	0
75.95789994625822	0
75.95791665558974	0
75.95793336492312	0
75.95795007425832	0
75.95796678359534	0
75.95798349293422	0
75.95800020227496	1
75.9580169116175	0
75.95803362096188	0
75.95805033030814	0
75.9580670396562	0
75.95808374900608	0
75.95810045835782	0
75.95811716771142	0
75.95813387706684	0
75.95815058642408	0
75.95816729578318	1
75.95818400514412	0
75.95820071450688	0
75.9582174238715	0
75.95823413323794	0
75.95825084260622	0
75.95826755197634	0
75.9582842613483	0
75.95830097072212	0
75.95831768009774	0
75.9583343894752	0
75.95835109885452	0
75.95836780823566	0
75.95838451761866	0
75.95840122700348	0
75.95841793639016	0
75.95843464577864	0
75.95845135516898	0
75.95846806456116	0
75.95848477395518	0
75.95850148335102	0
75.9585181927487	0
75.95853490214824	0
75.95855161154962	0
75.95856832095282	0
75.95858503035784	0
75.95860173976474	0
75.95861844917344	0
75.958635158584	0
75.95865186799638	0
75.95866857741062	0
75.9586852868267	0
75.9587019962446	0
75.95871870566432	0
75.95873541508594	0
75.95875212450936	0
75.9587688339346	1
75.9587855433617	0
75.95880225279064	0
75.9588189622214	0
75.958835671654	0
75.95885238108846	0
75.95886909052474	0
75.95888579996286	0
75.95890250940282	0
75.95891921884464	0
75.95893592828826	0
75.95895263773374	0
75.95896934718106	0
75.9589860566302	0
75.95900276608118	0
75.95901947553402	0
75.95903618498868	0
75.95905289444518	1
75.95906960390352	0
75.95908631336368	0
75.95910302282572	0
75.95911973228958	0
75.95913644175526	0
75.95915315122278	0
75.95916986069214	0
75.95918657016336	0
75.95920327963638	0
75.95921998911128	0
75.959236698588	0
75.95925340806654	0
75.95927011754694	0
75.95928682702918	0
75.95930353651326	0
75.95932024599916	0
75.9593369554869	0
75.95935366497648	0
75.9593703744679	0
75.95938708396116	0
75.95940379345626	0
75.9594205029532	0
75.95943721245196	0
75.95945392195258	0
75.95947063145502	0
75.95948734095932	0
75.95950405046544	0
75.9595207599734	0
75.9595374694832	0
75.95955417899484	0
75.9595708885083	0
75.95958759802364	0
75.95960430754078	0
75.95962101705976	0
75.95963772658058	0
75.95965443610326	0
75.95967114562776	0
75.9596878551541	0
75.95970456468228	0
75.9597212742123	0
75.95973798374416	0
75.95975469327784	0
75.95977140281338	0
75.95978811235074	0
75.95980482188996	0
75.95982153143098	0
75.95983824097388	0
75.9598549505186	0
75.95987166006514	0
75.95988836961356	0
75.95990507916378	0
75.95992178871586	0
75.95993849826976	0
75.9599552078255	0
75.9599719173831	0
75.9599886269425	0
75.96000533650376	0
75.96002204606688	0
75.9600387556318	0
75.96005546519856	0
75.9600721747672	0
75.96008888433764	0
75.96010559390992	0
75.96012230348404	0
75.96013901306002	0
75.96015572263782	0
75.96017243221746	0
75.96018914179892	1
75.96020585138224	0
75.9602225609674	0
75.96023927055438	0
75.96025598014322	0
75.96027268973388	0
75.96028939932638	0
75.96030610892072	0
75.96032281851692	0
75.96033952811494	0
75.96035623771478	0
75.96037294731648	0
75.96038965692002	0
75.96040636652538	0
75.96042307613258	0
75.96043978574164	0
75.96045649535252	1
75.96047320496524	0
75.96048991457978	0
75.9605066241962	0
75.96052333381442	0
75.9605400434345	1
75.9605567530564	0
75.96057346268016	1
75.96059017230574	0
75.96060688193316	0
75.96062359156242	0
75.96064030119352	1
75.96065701082646	0
75.96067372046124	0
75.96069043009786	0
75.9607071397363	0
75.96072384937658	0
75.9607405590187	0
75.96075726866268	0
75.96077397830848	0
75.96079068795612	0
75.96080739760562	0
75.96082410725692	0
75.96084081691006	0
75.96085752656506	0
75.9608742362219	0
75.96089094588056	0
75.96090765554106	0
75.9609243652034	0
75.9609410748676	0
75.9609577845336	0
75.96097449420146	0
75.96099120387116	0
75.9610079135427	0
75.96102462321606	0
75.96104133289126	0
75.96105804256832	0
75.9610747522472	0
75.96109146192792	0
75.96110817161048	0
75.96112488129488	0
75.96114159098112	0
75.96115830066918	0
75.9611750103591	0
75.96119172005086	0
75.96120842974444	0
75.96122513943986	0
75.96124184913712	0
75.96125855883622	0
75.96127526853716	1
75.96129197823994	1
75.96130868794456	0
75.961325397651	0
75.9613421073593	0
75.96135881706942	0
75.96137552678138	1
75.9613922364952	0
75.96140894621082	0
75.96142565592832	0
75.96144236564764	1
75.96145907536878	0
75.96147578509176	0
75.96149249481662	0
75.96150920454328	0
75.96152591427178	0
75.96154262400214	0
75.96155933373432	0
75.96157604346834	0
75.96159275320418	0
75.96160946294188	0
75.96162617268142	0
75.96164288242278	0
75.961659592166	0
75.96167630191104	0
75.96169301165794	0
75.96170972140666	0
75.96172643115722	0
75.96174314090962	0
75.96175985066386	0
75.96177656041992	0
75.96179327017784	0
75.96180997993758	0
75.96182668969918	0
75.9618433994626	0
75.96186010922788	0
75.96187681899498	0
75.9618935287639	0
75.96191023853468	0
75.96192694830732	0
75.96194365808176	0
75.96196036785804	0
75.96197707763618	0
75.96199378741616	0
75.96201049719794	0
75.96202720698158	0
75.96204391676708	0
75.9620606265544	0
75.96207733634354	0
75.96209404613454	0
75.96211075592738	0
75.96212746572204	0
75.96214417551856	0
75.96216088531692	0
75.96217759511708	0
75.9621943049191	0
75.96221101472298	0
75.96222772452866	0
75.96224443433618	0
75.96226114414556	0
75.96227785395678	0
75.96229456376984	0
75.9623112735847	0
75.96232798340142	0
75.96234469322	0
75.9623614030404	0
75.96237811286262	0
75.96239482268672	0
75.96241153251264	0
75.96242824234038	0
75.96244495216996	0
75.9624616620014	0
75.96247837183466	0
75.96249508166976	0
75.9625117915067	0
75.9625285013455	0
75.9625452111861	0
75.96256192102856	0
75.96257863087286	0
75.96259534071898	0
75.96261205056696	0
75.96262876041676	0
75.9626454702684	0
75.96266218012188	0
75.9626788899772	0
75.96269559983436	0
75.96271230969336	0
75.96272901955418	0
75.96274572941686	0
75.96276243928136	0
75.96277914914772	0
75.9627958590159	0
75.96281256888592	0
75.96282927875778	0
75.96284598863148	0
75.96286269850702	0
75.96287940838438	0
75.9628961182636	0
75.96291282814466	0
75.96292953802752	0
75.96294624791228	0
75.96296295779882	0
75.96297966768722	0
75.96299637757746	0
75.96301308746956	0
75.96302979736346	0
75.96304650725922	0
75.9630632171568	0
75.96307992705624	0
75.9630966369575	0
75.9631133468606	0
75.96313005676556	0
75.96314676667232	0
75.96316347658096	0
75.9631801864914	0
75.9631968964037	0
75.96321360631782	0
75.9632303162338	0
75.9632470261516	0
75.96326373607124	0
75.96328044599272	0
75.96329715591604	0
75.96331386584122	0
75.96333057576822	0
75.96334728569704	0
75.9633639956277	0
75.96338070556024	0
75.96339741549458	0
75.96341412543076	0
75.96343083536878	0
75.96344754530864	0
75.96346425525034	0
75.96348096519388	0
75.96349767513928	0
75.96351438508648	0
75.96353109503552	0
75.9635478049864	0
75.96356451493914	0
75.9635812248937	0
75.9635979348501	0
75.96361464480834	0
75.96363135476842	0
75.96364806473034	0
75.96366477469408	0
75.9636814846597	0
75.96369819462712	0
75.96371490459638	0
75.96373161456748	0
75.96374832454044	0
75.96376503451522	0
75.96378174449184	1
75.96379845447028	0
75.96381516445058	0
75.96383187443272	0
75.96384858441668	0
75.9638652944025	0
75.96388200439014	0
75.96389871437962	0
75.96391542437094	0
75.96393213436412	0
75.96394884435912	0
75.96396555435594	0
75.96398226435462	0
75.96399897435514	0
75.96401568435748	0
75.96403239436166	0
75.9640491043677	0
75.96406581437556	0
75.96408252438526	0
75.96409923439678	0
75.96411594441018	0
75.96413265442538	0
75.96414936444244	0
75.96416607446132	0
75.96418278448206	0
75.96419949450462	0
75.96421620452902	1
75.96423291455528	0
75.96424962458336	0
75.96426633461326	0
75.96428304464502	0
75.96429975467862	0
75.96431646471406	0
75.9643331747513	0
75.96434988479042	0
75.96436659483136	0
75.96438330487416	0
75.96440001491878	0
75.96441672496524	0
75.96443343501352	0
75.96445014506366	0
75.96446685511562	0
75.96448356516946	0
75.9645002752251	0
75.96451698528258	0
75.96453369534188	0
75.96455040540306	0
75.96456711546606	0
75.96458382553088	0
75.96460053559758	0
75.96461724566608	0
75.96463395573644	0
75.96465066580862	0
75.96466737588266	0
75.96468408595852	0
75.96470079603622	0
75.96471750611576	0
75.96473421619714	0
75.96475092628036	0
75.9647676363654	0
75.9647843464523	0
75.96480105654102	0
75.96481776663158	0
75.96483447672398	0
75.96485118681824	0
75.96486789691432	0
75.96488460701224	0
75.96490131711198	0
75.9649180272136	0
75.96493473731702	0
75.96495144742228	0
75.9649681575294	0
75.96498486763836	0
75.96500157774912	0
75.96501828786174	0
75.96503499797622	0
75.9650517080925	0
75.96506841821064	0
75.9650851283306	0
75.96510183845244	0
75.96511854857608	0
75.96513525870156	0
75.9651519688289	0
75.96516867895806	0
75.96518538908904	0
75.96520209922188	0
75.96521880935658	0
75.96523551949308	0
75.96525222963144	0
75.9652689397716	0
75.96528564991366	0
75.96530236005752	0
75.96531907020322	0
75.96533578035076	0
75.96535249050014	0
75.96536920065136	0
75.9653859108044	0
75.96540262095932	0
75.96541933111602	0
75.9654360412746	0
75.965452751435	0
75.96546946159726	0
75.96548617176134	0
75.96550288192726	0
75.96551959209502	0
75.96553630226462	0
75.96555301243604	0
75.9655697226093	0
75.96558643278442	0
75.96560314296138	0
75.96561985314016	0
75.96563656332078	0
75.96565327350324	0
75.96566998368754	0
75.96568669387366	0
75.96570340406166	0
75.96572011425146	0
75.96573682444312	0
75.9657535346366	0
75.96577024483194	0
75.9657869550291	0
75.96580366522808	0
75.96582037542892	0
75.96583708563162	0
75.96585379583614	0
75.96587050604246	0
75.96588721625066	0
75.9659039264607	0
75.96592063667256	0
75.96593734688626	0
75.96595405710182	0
75.9659707673192	0
75.96598747753842	0
75.96600418775946	0
75.96602089798236	0
75.9660376082071	0
75.96605431843366	0
75.96607102866208	0
75.96608773889232	0
75.9661044491244	0
75.96612115935832	0
75.96613786959408	0
75.96615457983168	0
75.9661712900711	0
75.96618800031238	0
75.9662047105555	0
75.96622142080044	0
75.96623813104722	0
75.96625484129586	0
75.96627155154632	0
75.96628826179862	0
75.96630497205274	0
75.96632168230874	0
75.96633839256654	0
75.96635510282618	0
75.96637181308768	0
75.96638852335102	0
75.96640523361618	0
75.96642194388316	0
75.96643865415202	0
75.9664553644227	0
75.9664720746952	0
75.96648878496956	0
75.96650549524576	0
75.9665222055238	0
75.96653891580366	0
75.96655562608536	0
75.96657233636892	0
75.9665890466543	0
75.9666057569415	0
75.96662246723056	0
75.96663917752146	0
75.96665588781418	0
75.96667259810876	0
75.96668930840518	0
75.96670601870342	0
75.9667227290035	0
75.96673943930542	0
75.9667561496092	0
75.96677285991478	0
75.96678957022222	0
75.9668062805315	0
75.9668229908426	0
75.96683970115556	0
75.96685641147034	0
75.96687312178698	0
75.96688983210544	0
75.96690654242574	0
75.96692325274786	0
75.96693996307186	0
75.96695667339766	0
75.96697338372532	0
75.96699009405482	0
75.96700680438614	0
75.9670235147193	0
75.9670402250543	0
75.96705693539116	1
75.96707364572984	0
75.96709035607034	0
75.9671070664127	0
75.9671237767569	0
75.96714048710292	1
75.9671571974508	0
75.96717390780052	0
75.96719061815206	0
75.96720732850542	0
75.96722403886066	0
75.96724074921772	0
75.96725745957662	0
75.96727416993734	0
75.96729088029992	0
75.96730759066434	0
75.96732430103058	0
75.96734101139866	0
75.9673577217686	0
75.96737443214036	0
75.96739114251396	0
75.96740785288938	0
75.96742456326666	0
75.96744127364578	0
75.96745798402672	0
75.9674746944095	0
75.96749140479416	0
75.9675081151806	0
75.9675248255689	0
75.96754153595904	0
75.96755824635102	0
75.96757495674484	0
75.96759166714048	0
75.967608377538	0
75.96762508793732	0
75.96764179833848	0
75.96765850874148	0
75.96767521914634	0
75.96769192955302	0
75.96770863996154	0
75.9677253503719	0
75.9677420607841	0
75.96775877119812	0
75.96777548161398	0
75.9677921920317	0
75.96780890245124	0
75.96782561287262	0
75.96784232329584	0
75.96785903372092	0
75.9678757441478	0
75.96789245457654	0
75.96790916500712	0
75.96792587543952	0
75.96794258587378	0
75.96795929630986	0
75.9679760067478	1
75.96799271718754	0
75.96800942762914	0
75.96802613807258	0
75.96804284851788	1
75.96805955896498	0
75.96807626941394	0
75.96809297986472	0
75.96810969031736	0
75.96812640077182	1
75.96814311122812	0
75.96815982168628	0
75.96817653214624	0
75.96819324260806	0
75.96820995307172	0
75.96822666353722	0
75.96824337400454	0
75.9682600844737	0
75.96827679494472	0
75.96829350541756	0
75.96831021589224	0
75.96832692636876	0
75.96834363684712	0
75.96836034732732	0
75.96837705780936	0
75.96839376829322	0
75.96841047877894	0
75.96842718926648	0
75.96844389975586	0
75.9684606102471	0
75.96847732074016	0
75.96849403123504	0
75.96851074173178	0
75.96852745223036	0
75.96854416273078	0
75.96856087323302	0
75.9685775837371	0
75.96859429424304	0
75.9686110047508	0
75.9686277152604	0
75.96864442577184	0
75.96866113628512	0
75.96867784680024	0
75.96869455731718	0
75.968711267836	0
75.96872797835662	0
75.96874468887908	0
75.96876139940338	0
75.96877810992954	1
75.9687948204575	0
75.96881153098732	0
75.96882824151898	0
75.96884495205248	0
75.9688616625878	0
75.96887837312498	0
75.96889508366398	0
75.96891179420484	0
75.96892850474752	0
75.96894521529202	0
75.9689619258384	0
75.9689786363866	0
75.96899534693662	0
75.9690120574885	0
75.96902876804222	0
75.96904547859776	0
75.96906218915514	0
75.96907889971438	0
75.96909561027544	0
75.96911232083834	0
75.96912903140306	0
75.96914574196966	0
75.96916245253806	0
75.96917916310832	0
75.96919587368042	0
75.96921258425434	0
75.9692292948301	0
75.9692460054077	0
75.96926271598714	0
75.96927942656842	0
75.96929613715154	0
75.96931284773648	0
75.96932955832328	0
75.96934626891192	0
75.96936297950238	0
75.9693796900947	0
75.96939640068884	0
75.96941311128482	0
75.96942982188264	0
75.9694465324823	0
75.96946324308378	0
75.96947995368712	0
75.96949666429228	0
75.96951337489932	0
75.96953008550814	0
75.96954679611882	0
75.96956350673136	0
75.96958021734572	0
75.96959692796192	0
75.96961363857994	0
75.96963034919984	0
75.96964705982154	0
75.96966377044508	0
75.96968048107048	0
75.9696971916977	0
75.96971390232676	0
75.96973061295766	0
75.96974732359042	0
75.96976403422498	0
75.9697807448614	0
75.96979745549964	0
75.96981416613974	0
75.96983087678168	0
75.96984758742544	0
75.96986429807104	0
75.9698810087185	0
75.96989771936776	1
75.96991443001888	0
75.96993114067186	0
75.96994785132664	0
75.96996456198326	0
75.96998127264174	0
75.96999798330206	0
75.9700146939642	0
75.97003140462816	0
75.97004811529398	0
75.97006482596166	0
75.97008153663114	0
75.97009824730248	0
75.97011495797566	1
75.97013166865068	0
75.97014837932752	0
75.9701650900062	0
75.97018180068674	0
75.97019851136908	0
75.97021522205328	0
75.97023193273932	0
75.9702486434272	0
75.9702653541169	0
75.97028206480846	0
75.97029877550186	0
75.97031548619708	0
75.97033219689414	0
75.97034890759304	0
75.97036561829378	0
75.97038232899638	0
75.97039903970078	0
75.97041575040704	0
75.97043246111512	0
75.97044917182506	0
75.97046588253682	0
75.97048259325044	0
75.97049930396588	0
75.97051601468316	0
75.97053272540226	0
75.97054943612324	0
75.97056614684602	0
75.97058285757066	0
75.97059956829712	0
75.97061627902546	0
75.9706329897556	0
75.97064970048758	0
75.9706664112214	0
75.97068312195706	0
75.97069983269456	0
75.97071654343388	0
75.97073325417506	0
75.97074996491808	0
75.97076667566292	0
75.97078338640962	0
75.97080009715814	0
75.9708168079085	0
75.9708335186607	0
75.97085022941476	0
75.97086694017062	0
75.97088365092834	0
75.97090036168788	0
75.97091707244928	0
75.9709337832125	0
75.97095049397758	0
75.97096720474448	0
75.97098391551322	1
75.9710006262838	0
75.97101733705622	0
75.97103404783048	0
75.97105075860658	0
75.9710674693845	0
75.97108418016426	0
75.97110089094588	0
75.9711176017293	0
75.9711343125146	0
75.9711510233017	0
75.97116773409068	0
75.97118444488148	0
75.9712011556741	1
75.97121786646858	0
75.97123457726488	1
75.97125128806304	0
75.97126799886302	0
75.97128470966484	0
75.97130142046852	0
75.971318131274	0
75.97133484208134	0
75.97135155289052	0
75.97136826370152	0
75.97138497451438	0
75.97140168532908	0
75.9714183961456	0
75.97143510696396	0
75.97145181778416	0
75.97146852860622	0
75.97148523943008	0
75.9715019502558	0
75.97151866108334	0
75.97153537191276	0
75.97155208274398	0
75.97156879357704	0
75.97158550441196	0
75.9716022152487	0
75.97161892608726	0
75.97163563692768	0
75.97165234776996	0
75.97166905861404	0
75.97168576945998	0
75.97170248030774	0
75.97171919115736	0
75.9717359020088	0
75.97175261286208	0
75.97176932371722	0
75.97178603457418	0
75.97180274543296	0
75.9718194562936	0
75.97183616715608	0
75.97185287802038	0
75.97186958888652	0
75.9718862997545	1
75.97190301062436	0
75.971919721496	0
75.9719364323695	0
75.97195314324486	0
75.97196985412202	0
75.97198656500104	0
75.97200327588188	0
75.97201998676458	0
75.9720366976491	0
75.97205340853546	0
75.97207011942366	0
75.97208683031372	0
75.97210354120558	0
75.9721202520993	0
75.97213696299488	0
75.97215367389226	0
75.97217038479148	0
75.97218709569256	0
75.97220380659546	0
75.9722205175002	0
75.97223722840678	0
75.9722539393152	0
75.97227065022548	0
75.97228736113756	0
75.9723040720515	0
75.97232078296728	0
75.97233749388488	0
75.97235420480432	0
75.97237091572562	0
75.97238762664874	0
75.9724043375737	0
75.9724210485005	0
75.97243775942914	0
75.97245447035962	0
75.97247118129192	0
75.97248789222606	0
75.97250460316206	0
75.97252131409988	0
75.97253802503954	0
75.97255473598104	0
75.9725714469244	0
75.97258815786958	0
75.97260486881658	0
75.97262157976544	0
75.97263829071612	0
75.97265500166866	0
75.97267171262302	0
75.97268842357924	0
75.97270513453726	0
75.97272184549716	0
75.97273855645886	0
75.97275526742244	0
75.97277197838782	0
75.97278868935504	0
75.97280540032412	0
75.97282211129504	0
75.97283882226778	0
75.97285553324236	0
75.97287224421878	0
75.97288895519704	0
75.97290566617714	0
75.97292237715908	0
75.97293908814286	0
75.97295579912846	0
75.9729725101159	0
75.97298922110518	0
75.97300593209632	0
75.97302264308928	0
75.97303935408408	0
75.97305606508072	0
75.9730727760792	0
75.9730894870795	0
75.97310619808164	0
75.97312290908566	0
75.97313962009148	0
75.97315633109914	0
75.97317304210864	0
75.97318975311998	0
75.97320646413316	0
75.97322317514816	0
75.97323988616504	0
75.97325659718372	0
75.97327330820424	0
75.97329001922662	0
75.97330673025084	0
75.97332344127688	0
75.97334015230474	0
75.97335686333446	0
75.97337357436604	0
75.97339028539942	0
75.97340699643466	0
75.97342370747174	0
75.97344041851064	0
75.97345712955138	0
75.97347384059396	0
75.9734905516384	0
75.97350726268466	0
75.97352397373274	0
75.9735406847827	0
75.97355739583446	0
75.97357410688808	0
75.97359081794352	0
75.97360752900082	0
75.97362424005994	0
75.9736409511209	0
75.9736576621837	0
75.97367437324834	0
75.97369108431482	0
75.97370779538312	0
75.9737245064533	0
75.97374121752528	0
75.9737579285991	0
75.97377463967476	0
75.97379135075228	0
75.97380806183162	0
75.9738247729128	0
75.97384148399582	0
75.97385819508068	0
75.97387490616738	0
75.9738916172559	0
75.97390832834628	0
75.97392503943848	0
75.97394175053252	0
75.9739584616284	0
75.97397517272614	0
75.97399188382568	0
75.97400859492708	0
75.9740253060303	0
75.9740420171354	0
75.9740587282423	0
75.97407543935104	0
75.97409215046164	0
75.97410886157406	0
75.97412557268832	0
75.97414228380442	0
75.97415899492236	0
75.97417570604214	0
75.97419241716374	0
75.9742091282872	0
75.97422583941248	0
75.9742425505396	0
75.97425926166856	0
75.97427597279938	0
75.97429268393202	0
75.97430939506648	0
75.9743261062028	1
75.97434281734098	0
75.97435952848096	0
75.9743762396228	1
75.97439295076644	0
75.97440966191196	0
75.9744263730593	0
75.97444308420848	0
75.97445979535952	0
75.97447650651236	0
75.97449321766706	0
75.97450992882358	0
75.97452663998196	0
75.97454335114216	0
75.97456006230422	0
75.9745767734681	0
75.97459348463382	0
75.97461019580138	0
75.97462690697078	0
75.97464361814202	0
75.9746603293151	0
75.97467704049	0
75.97469375166674	0
75.97471046284534	0
75.97472717402576	0
75.97474388520802	0
75.97476059639212	0
75.97477730757808	0
75.97479401876584	0
75.97481072995546	0
75.97482744114692	0
75.9748441523402	0
75.97486086353534	0
75.97487757473228	0
75.9748942859311	0
75.97491099713174	0
75.97492770833422	0
75.97494441953852	0
75.9749611307447	0
75.97497784195268	0
75.9749945531625	0
75.9750112643742	0
75.9750279755877	0
75.97504468680304	0
75.9750613980202	0
75.97507810923924	0
75.9750948204601	0
75.97511153168278	0
75.97512824290732	0
75.9751449541337	0
75.97516166536192	0
75.97517837659194	0
75.97519508782386	0
75.97521179905756	0
75.97522851029312	0
75.97524522153052	0
75.97526193276978	0
75.97527864401084	0
75.97529535525376	0
75.9753120664985	0
75.9753287777451	0
75.97534548899352	0
75.97536220024378	0
75.97537891149588	0
75.97539562274982	0
75.9754123340056	0
75.9754290452632	0
75.97544575652268	0
75.97546246778396	0
75.97547917904708	0
75.97549589031206	0
75.97551260157886	0
75.9755293128475	0
75.97554602411798	0
75.97556273539032	0
75.97557944666446	0
75.97559615794044	0
75.97561286921828	0
75.97562958049796	0
75.97564629177948	0
75.97566300306282	0
75.975679714348	0
75.97569642563502	0
75.97571313692388	0
75.97572984821458	0
75.97574655950712	0
75.97576327080148	0
75.9757799820977	0
75.97579669339574	0
75.97581340469564	0
75.97583011599736	0
75.97584682730092	0
75.9758635386063	0
75.97588024991356	0
75.97589696122264	0
75.97591367253354	0
75.9759303838463	0
75.9759470951609	0
75.97596380647732	0
75.97598051779556	0
75.97599722911568	0
75.97601394043762	0
75.9760306517614	0
75.97604736308702	0
75.97606407441448	0
75.97608078574376	0
75.9760974970749	0
75.97611420840786	0
75.97613091974268	0
75.97614763107932	0
75.9761643424178	0
75.97618105375814	0
75.97619776510028	0
75.97621447644428	0
75.9762311877901	0
75.97624789913778	0
75.97626461048728	0
75.97628132183864	0
75.97629803319182	0
75.97631474454684	0
75.9763314559037	0
75.9763481672624	0
75.97636487862296	0
75.97638158998532	0
75.97639830134952	0
75.97641501271556	0
75.97643172408348	0
75.97644843545318	0
75.97646514682476	0
75.97648185819816	0
75.9764985695734	0
75.97651528095048	0
75.97653199232938	0
75.97654870371014	0
75.97656541509272	0
75.97658212647716	0
75.97659883786342	0
75.97661554925154	0
75.97663226064148	0
75.97664897203326	0
75.97666568342688	0
75.97668239482232	0
75.97669910621962	0
75.97671581761874	0
75.97673252901974	0
75.97674924042252	0
75.97676595182718	0
75.97678266323366	0
75.97679937464198	0
75.97681608605214	0
75.97683279746414	0
75.97684950887798	0
75.97686622029364	0
75.97688293171116	0
75.9768996431305	0
75.9769163545517	0
75.97693306597472	0
75.97694977739958	0
75.97696648882626	0
75.97698320025482	0
75.97699991168518	0
75.9770166231174	0
75.97703333455146	0
75.97705004598734	0
75.97706675742506	0
75.97708346886462	0
75.97710018030604	0
75.97711689174928	0
75.97713360319436	0
75.97715031464126	0
75.97716702609004	0
75.97718373754062	0
75.97720044899306	0
75.97721716044732	1
75.97723387190342	0
75.97725058336138	0
75.97726729482116	0
75.97728400628278	0
75.97730071774622	0
75.97731742921152	0
75.97733414067866	0
75.97735085214762	0
75.97736756361844	0
75.97738427509108	0
75.97740098656558	0
75.9774176980419	0
75.97743440952004	0
75.97745112100004	0
75.97746783248188	0
75.97748454396556	0
75.97750125545106	0
75.97751796693842	0
75.9775346784276	0
75.97755138991864	0
75.9775681014115	0
75.9775848129062	0
75.97760152440274	0
75.9776182359011	0
75.97763494740132	0
75.97765165890338	0
75.97766837040728	0
75.977685081913	0
75.97770179342056	0
75.97771850492998	0
75.9777352164412	0
75.9777519279543	0
75.9777686394692	0
75.97778535098598	0
75.97780206250456	0
75.97781877402498	0
75.97783548554726	0
75.97785219707136	0
75.9778689085973	0
75.97788562012508	0
75.97790233165472	0
75.97791904318616	0
75.97793575471946	0
75.97795246625462	0
75.97796917779158	0
75.97798588933038	0
75.97800260087102	0
75.97801931241352	0
75.97803602395784	0
75.978052735504	0
75.978069447052	0
75.97808615860184	0
75.97810287015352	0
75.97811958170702	0
75.97813629326238	0
75.97815300481956	0
75.9781697163786	0
75.97818642793946	0
75.97820313950216	0
75.9782198510667	0
75.97823656263308	0
75.97825327420128	0
75.97826998577136	0
75.97828669734324	0
75.97830340891696	0
75.97832012049254	0
75.97833683206994	0
75.97835354364918	1
75.97837025523026	0
75.9783869668132	0
75.97840367839794	0
75.97842038998454	0
75.97843710157296	0
75.97845381316324	0
75.97847052475536	0
75.9784872363493	0
75.9785039479451	0
75.9785206595427	0
75.97853737114216	0
75.97855408274346	0
75.9785707943466	0
75.97858750595158	0
75.97860421755838	0
75.97862092916702	0
75.97863764077752	0
75.97865435238984	0
75.978671064004	0
75.97868777562	0
75.97870448723786	0
75.97872119885752	0
75.97873791047904	0
75.9787546221024	0
75.97877133372758	0
75.9787880453546	0
75.97880475698346	0
75.97882146861418	0
75.97883818024672	0
75.97885489188108	0
75.97887160351732	0
75.97888831515536	0
75.97890502679526	0
75.97892173843698	0
75.97893845008056	0
75.97895516172596	0
75.9789718733732	0
75.97898858502228	0
75.97900529667322	0
75.97902200832598	0
75.97903871998058	0
75.97905543163702	0
75.97907214329528	0
75.97908885495538	0
75.97910556661732	0
75.97912227828112	0
75.97913898994674	0
75.9791557016142	0
75.9791724132835	0
75.97918912495464	0
75.9792058366276	0
75.97922254830242	0
75.97923925997908	0
75.97925597165758	0
75.97927268333788	0
75.97928939502006	0
75.97930610670406	0
75.9793228183899	0
75.97933953007758	0
75.97935624176708	0
75.97937295345844	0
75.97938966515164	0
75.97940637684666	0
75.97942308854354	0
75.97943980024224	0
75.97945651194278	0
75.97947322364514	0
75.97948993534938	0
75.97950664705544	0
75.97952335876332	0
75.97954007047306	0
75.97955678218464	0
75.97957349389804	0
75.97959020561328	0
75.97960691733038	0
75.9796236290493	0
75.97964034077006	0
75.97965705249264	0
75.97967376421708	0
75.97969047594334	0
75.97970718767146	0
75.9797238994014	0
75.9797406111332	0
75.97975732286682	0
75.97977403460228	0
75.9797907463396	0
75.97980745807872	0
75.9798241698197	0
75.9798408815625	0
75.97985759330716	0
75.97987430505366	0
75.97989101680198	0
75.97990772855214	0
75.97992444030416	0
75.979941152058	0
75.97995786381368	0
75.9799745755712	0
75.97999128733054	0
75.98000799909174	0
75.98002471085476	0
75.98004142261964	0
75.98005813438634	0
75.98007484615488	0
75.98009155792526	0
75.98010826969748	0
75.98012498147154	0
75.98014169324744	0
75.98015840502518	0
75.98017511680474	0
75.98019182858614	0
75.9802085403694	0
75.98022525215448	0
75.9802419639414	0
75.98025867573016	0
75.98027538752076	0
75.9802920993132	0
75.98030881110746	0
75.98032552290358	0
75.98034223470154	0
75.98035894650134	0
75.98037565830296	0
75.9803923701064	0
75.98040908191172	0
75.98042579371886	0
75.98044250552782	0
75.98045921733864	0
75.9804759291513	0
75.9804926409658	0
75.98050935278212	0
75.98052606460028	0
75.9805427764203	0
75.98055948824212	0
75.9805762000658	0
75.98059291189134	0
75.98060962371868	0
75.98062633554788	0
75.9806430473789	0
75.98065975921178	0
75.98067647104648	0
75.98069318288304	0
75.98070989472142	0
75.98072660656164	0
75.9807433184037	0
75.98076003024758	0
75.98077674209334	0
75.9807934539409	0
75.9808101657903	0
75.98082687764156	1
75.98084358949464	0
75.98086030134958	0
75.98087701320632	0
75.98089372506494	0
75.98091043692538	0
75.98092714878764	0
75.98094386065176	0
75.98096057251772	0
75.9809772843855	0
75.98099399625512	0
75.98101070812658	0
75.9810274199999	0
75.98104413187502	0
75.981060843752	0
75.98107755563084	0
75.98109426751148	0
75.98111097939396	0
75.9811276912783	0
75.98114440316448	0
75.98116111505248	0
75.98117782694232	0
75.981194538834	0
75.98121125072754	0
75.98122796262288	0
75.98124467452008	0
75.98126138641912	0
75.98127809831998	0
75.98129481022268	0
75.98131152212724	0
75.98132823403362	0
75.98134494594184	0
75.9813616578519	0
75.9813783697638	0
75.98139508167754	0
75.9814117935931	0
75.98142850551052	0
75.98144521742978	0
75.98146192935086	0
75.98147864127378	0
75.98149535319854	0
75.98151206512514	0
75.98152877705358	0
75.98154548898386	0
75.98156220091596	0
75.98157891284994	0
75.98159562478572	0
75.98161233672334	0
75.98162904866282	0
75.98164576060412	0
75.98166247254726	0
75.98167918449222	0
75.98169589643906	0
75.98171260838772	0
75.9817293203382	0
75.98174603229052	0
75.9817627442447	0
75.98177945620072	0
75.98179616815856	0
75.98181288011824	0
75.98182959207976	0
75.98184630404312	0
75.9818630160083	0
75.98187972797536	0
75.98189643994422	0
75.98191315191492	0
75.98192986388746	0
75.98194657586188	0
75.98196328783808	0
75.98197999981614	0
75.98199671179604	0
75.9820134237778	0
75.98203013576136	0
75.98204684774676	0
75.98206355973404	0
75.98208027172312	0
75.98209698371404	0
75.9821136957068	0
75.9821304077014	0
75.98214711969784	0
75.98216383169612	0
75.98218054369624	0
75.9821972556982	0
75.98221396770198	0
75.9822306797076	0
75.98224739171508	0
75.98226410372438	0
75.98228081573552	0
75.9822975277485	0
75.98231423976334	0
75.98233095178	0
75.98234766379846	0
75.98236437581882	0
75.98238108784098	0
75.98239779986498	0
75.98241451189082	0
75.98243122391852	0
75.98244793594804	0
75.9824646479794	0
75.9824813600126	0
75.98249807204764	0
75.9825147840845	0
75.98253149612322	0
75.98254820816376	0
75.98256492020616	0
75.98258163225038	0
75.98259834429644	0
75.98261505634434	0
75.98263176839408	0
75.98264848044566	0
75.98266519249906	0
75.98268190455434	0
75.98269861661142	0
75.98271532867034	0
75.98273204073112	0
75.98274875279372	0
75.98276546485816	0
75.98278217692442	0
75.98279888899256	0
75.9828156010625	0
75.98283231313428	0
75.98284902520792	0
75.9828657372834	0
75.9828824493607	0
75.98289916143984	0
75.98291587352082	0
75.98293258560366	0
75.9829492976883	0
75.98296600977478	0
75.98298272186314	0
75.98299943395332	0
75.9830161460453	0
75.98303285813916	0
75.98304957023486	0
75.98306628233238	0
75.98308299443174	0
75.98309970653294	0
75.98311641863596	0
75.98313313074084	0
75.98314984284754	0
75.9831665549561	0
75.9831832670665	0
75.98319997917872	0
75.98321669129278	0
75.9832334034087	0
75.98325011552642	0
75.983266827646	0
75.98328353976742	0
75.98330025189068	0
75.98331696401576	0
75.98333367614268	0
75.98335038827146	0
75.98336710040206	0
75.9833838125345	0
75.98340052466878	0
75.9834172368049	0
75.98343394894286	0
75.98345066108264	0
75.9834673732243	0
75.98348408536776	0
75.98350079751306	0
75.9835175096602	0
75.9835342218092	0
75.98355093396	0
75.98356764611266	0
75.98358435826716	0
75.9836010704235	0
75.98361778258168	0
75.98363449474168	0
75.98365120690356	0
75.98366791906722	0
75.98368463123274	0
75.9837013434001	0
75.98371805556932	0
75.98373476774034	0
75.98375147991322	0
75.98376819208792	0
75.98378490426448	0
75.98380161644288	0
75.9838183286231	0
75.98383504080518	0
75.98385175298908	0
75.98386846517482	0
75.98388517736238	0
75.98390188955182	0
75.98391860174306	0
75.98393531393614	0
75.98395202613108	0
75.98396873832786	0
75.98398545052646	0
75.9840021627269	0
75.9840188749292	0
75.98403558713332	0
75.98405229933926	0
75.98406901154706	0
75.9840857237567	0
75.98410243596816	0
75.98411914818146	0
75.98413586039662	0
75.9841525726136	0
75.98416928483242	0
75.98418599705308	0
75.9842027092756	0
75.98421942149992	0
75.9842361337261	0
75.9842528459541	0
75.98426955818396	0
75.98428627041564	0
75.98430298264916	0
75.98431969488452	0
75.98433640712174	0
75.98435311936076	0
75.98436983160164	0
75.98438654384438	0
75.98440325608892	0
75.9844199683353	0
75.98443668058354	0
75.9844533928336	0
75.98447010508552	0
75.98448681733926	0
75.98450352959482	0
75.98452024185226	0
75.9845369541115	0
75.9845536663726	0
75.98457037863552	0
75.9845870909003	0
75.9846038031669	0
75.98462051543534	0
75.98463722770564	0
75.98465393997776	0
75.98467065225172	0
75.9846873645275	0
75.98470407680514	0
75.98472078908462	0
75.98473750136592	0
75.98475421364908	0
75.98477092593406	0
75.98478763822088	0
75.98480435050954	0
75.98482106280006	0
75.98483777509238	0
75.98485448738656	0
75.98487119968256	0
75.98488791198042	0
75.98490462428012	0
75.98492133658162	0
75.984938048885	0
75.9849547611902	0
75.98497147349724	0
75.98498818580612	0
75.98500489811684	0
75.98502161042938	0
75.98503832274378	0
75.98505503506002	0
75.9850717473781	0
75.98508845969798	0
75.98510517201972	0
75.98512188434332	0
75.98513859666874	0
75.985155308996	0
75.98517202132508	0
75.98518873365602	0
75.98520544598878	0
75.98522215832338	0
75.98523887065984	0
75.98525558299812	0
75.98527229533826	0
75.9852890076802	0
75.985305720024	0
75.98532243236964	0
75.9853391447171	0
75.98535585706642	0
75.98537256941758	0
75.98538928177058	0
75.9854059941254	0
75.98542270648206	0
75.98543941884056	0
75.9854561312009	0
75.98547284356306	0
75.9854895559271	0
75.98550626829294	0
75.98552298066062	0
75.98553969303014	0
75.98555640540152	0
75.98557311777472	0
75.98558983014976	0
75.98560654252664	0
75.98562325490536	0
75.98563996728592	0
75.9856566796683	0
75.98567339205256	0
75.9856901044386	0
75.98570681682652	0
75.98572352921624	0
75.98574024160784	0
75.98575695400126	0
75.98577366639652	0
75.98579037879362	0
75.98580709119256	0
75.98582380359332	0
75.98584051599592	0
75.98585722840038	0
75.98587394080666	1
75.98589065321478	0
75.98590736562474	0
75.98592407803656	0
75.9859407904502	0
75.98595750286566	0
75.98597421528298	0
75.98599092770212	0
75.98600764012312	0
75.98602435254594	0
75.98604106497062	0
75.98605777739712	0
75.98607448982544	0
75.98609120225562	0
75.98610791468764	0
75.98612462712148	0
75.98614133955718	0
75.98615805199472	0
75.98617476443408	0
75.98619147687528	0
75.98620818931832	0
75.98622490176322	0
75.98624161420994	0
75.98625832665848	0
75.98627503910886	0
75.98629175156112	0
75.98630846401518	0
75.98632517647108	0
75.98634188892884	0
75.98635860138842	0
75.98637531384984	0
75.98639202631308	0
75.9864087387782	0
75.98642545124514	0
75.9864421637139	0
75.9864588761845	0
75.98647558865696	0
75.98649230113126	0
75.98650901360736	0
75.98652572608536	0
75.98654243856514	0
75.98655915104678	0
75.98657586353026	0
75.98659257601558	0
75.98660928850272	0
75.98662600099172	0
75.98664271348252	0
75.9866594259752	0
75.9866761384697	0
75.98669285096604	0
75.98670956346424	0
75.98672627596424	0
75.9867429884661	0
75.98675970096978	0
75.98677641347534	0
75.9867931259827	0
75.98680983849188	0
75.98682655100292	0
75.98684326351582	0
75.98685997603054	0
75.98687668854708	0
75.9868934010655	0
75.98691011358572	0
75.9869268261078	0
75.9869435386317	0
75.98696025115746	0
75.98697696368504	0
75.98699367621446	0
75.98701038874572	0
75.98702710127884	0
75.98704381381376	0
75.98706052635052	0
75.98707723888914	0
75.9870939514296	0
75.98711066397188	0
75.987127376516	0
75.98714408906198	0
75.98716080160978	0
75.9871775141594	0
75.98719422671088	0
75.9872109392642	0
75.98722765181936	0
75.98724436437634	0
75.98726107693518	0
75.98727778949586	0
75.98729450205836	0
75.98731121462268	0
75.98732792718888	0
75.98734463975688	0
75.98736135232674	0
75.98737806489842	0
75.98739477747198	0
75.98741149004734	0
75.98742820262454	0
75.9874449152036	0
75.98746162778448	0
75.9874783403672	0
75.98749505295174	0
75.98751176553816	0
75.9875284781264	0
75.98754519071646	0
75.98756190330836	0
75.98757861590212	0
75.9875953284977	0
75.98761204109512	0
75.9876287536944	0
75.9876454662955	0
75.98766217889842	0
75.9876788915032	0
75.98769560410982	0
75.98771231671828	0
75.98772902932856	0
75.98774574194068	0
75.98776245455466	0
75.98777916717044	0
75.98779587978808	0
75.98781259240758	0
75.98782930502888	0
75.98784601765204	1
75.98786273027704	0
75.98787944290388	0
75.98789615553252	0
75.98791286816304	0
75.98792958079538	0
75.98794629342956	0
75.98796300606558	0
75.98797971870344	1
75.98799643134314	0
75.98801314398468	0
75.98802985662804	0
75.98804656927324	0
75.9880632819203	0
75.98807999456918	0
75.9880967072199	0
75.98811341987246	0
75.98813013252686	0
75.9881468451831	0
75.98816355784116	1
75.9881802705011	1
75.98819698316284	0
75.98821369582642	0
75.98823040849184	0
75.98824712115912	0
75.98826383382822	0
75.98828054649914	0
75.98829725917192	0
75.98831397184654	0
75.988330684523	0
75.98834739720128	0
75.98836410988142	0
75.98838082256338	0
75.98839753524718	0
75.98841424793282	0
75.98843096062032	0
75.98844767330962	0
75.98846438600078	0
75.98848109869376	0
75.9884978113886	0
75.98851452408526	0
75.98853123678378	0
75.98854794948414	0
75.98856466218632	0
75.98858137489032	0
75.98859808759618	1
75.98861480030388	0
75.98863151301342	0
75.98864822572478	0
75.988664938438	0
75.98868165115304	0
75.98869836386994	0
75.98871507658866	0
75.98873178930922	0
75.98874850203162	0
75.98876521475584	0
75.98878192748192	0
75.98879864020984	0
75.98881535293958	0
75.98883206567118	0
75.9888487784046	0
75.98886549113988	0
75.98888220387698	0
75.98889891661592	0
75.9889156293567	0
75.9889323420993	0
75.98894905484376	0
75.98896576759006	0
75.98898248033818	0
75.98899919308816	0
75.98901590583996	0
75.98903261859358	0
75.98904933134908	0
75.9890660441064	0
75.98908275686554	0
75.98909946962656	0
75.98911618238938	0
75.98913289515404	0
75.98914960792056	1
75.98916632068892	0
75.98918303345908	0
75.98919974623112	0
75.98921645900496	0
75.98923317178068	0
75.98924988455822	0
75.98926659733758	0
75.9892833101188	0
75.98930002290184	0
75.98931673568674	0
75.98933344847346	0
75.98935016126202	0
75.98936687405242	0
75.98938358684466	0
75.98940029963872	0
75.98941701243464	1
75.9894337252324	0
75.98945043803198	0
75.98946715083342	0
75.98948386363668	0
75.98950057644178	0
75.98951728924872	0
75.98953400205752	0
75.98955071486812	0
75.98956742768058	0
75.98958414049486	0
75.989600853311	0
75.98961756612898	0
75.98963427894878	0
75.98965099177042	0
75.9896677045939	0
75.98968441741922	0
75.98970113024638	0
75.98971784307538	0
75.98973455590622	0
75.98975126873888	0
75.98976798157338	0
75.98978469440974	0
75.98980140724792	0
75.98981812008794	0
75.98983483292982	0
75.9898515457735	0
75.98986825861904	0
75.98988497146642	0
75.98990168431564	0
75.98991839716668	0
75.98993511001956	0
75.9899518228743	0
75.98996853573086	0
75.98998524858926	0
75.9900019614495	0
75.9900186743116	0
75.9900353871755	0
75.99005210004124	0
75.99006881290884	0
75.99008552577828	0
75.99010223864954	0
75.99011895152264	0
75.99013566439758	0
75.99015237727436	0
75.99016909015298	0
75.99018580303344	0
75.99020251591574	0
75.99021922879986	0
75.99023594168582	0
75.99025265457364	0
75.99026936746328	0
75.99028608035476	1
75.9903027932481	0
75.99031950614324	0
75.99033621904024	0
75.9903529319391	0
75.99036964483976	0
75.99038635774228	0
75.99040307064662	0
75.9904197835528	0
75.99043649646082	0
75.99045320937068	0
75.9904699222824	0
75.99048663519592	0
75.9905033481113	0
75.99052006102852	0
75.99053677394758	0
75.99055348686846	0
75.9905701997912	0
75.99058691271576	0
75.99060362564216	0
75.99062033857038	0
75.99063705150048	0
75.99065376443238	0
75.99067047736614	0
75.99068719030174	0
75.99070390323918	0
75.99072061617844	0
75.99073732911954	0
75.9907540420625	0
75.99077075500726	0
75.99078746795388	0
75.99080418090234	0
75.99082089385264	0
75.99083760680478	0
75.99085431975874	0
75.99087103271454	0
75.9908877456722	0
75.99090445863168	0
75.990921171593	0
75.99093788455618	0
75.99095459752118	0
75.990971310488	0
75.99098802345668	0
75.9910047364272	0
75.99102144939954	0
75.99103816237374	0
75.99105487534976	0
75.99107158832762	0
75.99108830130732	0
75.99110501428886	0
75.99112172727224	0
75.99113844025744	0
75.9911551532445	0
75.9911718662334	0
75.99118857922414	0
75.9912052922167	0
75.9912220052111	0
75.99123871820734	1
75.99125543120542	0
75.99127214420534	0
75.99128885720708	0
75.99130557021068	0
75.99132228321612	0
75.99133899622338	0
75.99135570923248	0
75.99137242224344	0
75.99138913525622	0
75.99140584827084	0
75.9914225612873	0
75.9914392743056	0
75.99145598732572	0
75.9914727003477	0
75.99148941337152	0
75.99150612639716	0
75.99152283942466	0
75.99153955245396	0
75.99155626548514	0
75.99157297851814	0
75.99158969155296	0
75.99160640458964	0
75.99162311762816	0
75.9916398306685	0
75.9916565437107	0
75.99167325675472	0
75.9916899698006	0
75.9917066828483	0
75.99172339589782	0
75.99174010894922	0
75.99175682200244	0
75.99177353505748	0
75.99179024811436	0
75.9918069611731	0
75.99182367423368	0
75.99184038729608	0
75.99185710036032	0
75.9918738134264	0
75.99189052649432	0
75.99190723956408	0
75.99192395263568	0
75.99194066570912	0
75.99195737878436	0
75.99197409186148	0
75.99199080494044	0
75.99200751802122	0
75.99202423110384	0
75.9920409441883	0
75.9920576572746	0
75.99207437036274	0
75.9920910834527	0
75.99210779654452	0
75.99212450963816	0
75.99214122273366	0
75.99215793583098	0
75.99217464893016	0
75.99219136203114	0
75.99220807513398	0
75.99222478823866	0
75.99224150134518	0
75.99225821445352	0
75.9922749275637	0
75.99229164067576	0
75.99230835378962	0
75.99232506690532	0
75.99234178002284	0
75.99235849314224	1
75.99237520626346	0
75.99239191938652	0
75.9924086325114	0
75.99242534563814	0
75.9924420587667	0
75.9924587718971	1
75.99247548502936	0
75.99249219816344	0
75.99250891129936	0
75.99252562443712	0
75.99254233757672	0
75.99255905071814	0
75.99257576386142	0
75.99259247700654	0
75.99260919015348	0
75.99262590330226	0
75.99264261645288	0
75.99265932960536	0
75.99267604275964	0
75.99269275591578	0
75.99270946907374	0
75.99272618223358	0
75.99274289539522	0
75.9927596085587	0
75.99277632172404	0
75.9927930348912	0
75.9928097480602	0
75.99282646123104	1
75.99284317440372	0
75.99285988757824	0
75.99287660075458	0
75.99289331393278	0
75.99291002711282	0
75.99292674029468	0
75.99294345347838	0
75.99296016666392	0
75.9929768798513	0
75.99299359304052	0
75.99301030623158	0
75.99302701942448	0
75.9930437326192	0
75.99306044581578	0
75.99307715901418	0
75.99309387221444	0
75.99311058541652	0
75.99312729862042	0
75.9931440118262	1
75.9931607250338	0
75.99317743824322	0
75.9931941514545	0
75.99321086466762	0
75.99322757788256	0
75.99324429109934	0
75.99326100431796	0
75.99327771753844	0
75.99329443076074	0
75.99331114398488	0
75.99332785721086	0
75.99334457043868	1
75.99336128366832	0
75.9933779968998	0
75.99339471013314	0
75.9934114233683	0
75.9934281366053	0
75.99344484984414	0
75.99346156308482	0
75.99347827632734	0
75.9934949895717	0
75.99351170281788	0
75.99352841606592	0
75.99354512931578	1
75.9935618425675	0
75.99357855582106	0
75.99359526907642	0
75.99361198233364	1
75.9936286955927	0
75.9936454088536	0
75.99366212211632	0
75.9936788353809	0
75.99369554864732	0
75.99371226191556	0
75.99372897518564	0
75.99374568845756	0
75.99376240173134	1
75.99377911500692	0
75.99379582828436	0
75.99381254156364	0
75.99382925484474	0
75.9938459681277	0
75.99386268141248	0
75.99387939469912	0
75.99389610798758	0
75.99391282127788	1
75.99392953457	0
75.993946247864	0
75.99396296115982	0
75.99397967445746	0
75.99399638775694	0
75.9940131010583	0
75.99402981436144	0
75.99404652766644	0
75.9940632409733	0
75.99407995428198	0
75.9940966675925	0
75.99411338090484	0
75.99413009421906	0
75.99414680753508	0
75.99416352085294	0
75.99418023417266	0
75.9941969474942	0
75.99421366081758	0
75.9942303741428	0
75.99424708746986	0
75.99426380079876	0
75.9942805141295	0
75.99429722746206	0
75.99431394079648	0
75.99433065413272	0
75.99434736747082	0
75.99436408081074	0
75.99438079415252	0
75.9943975074961	0
75.99441422084154	0
75.99443093418882	0
75.99444764753792	0
75.99446436088888	0
75.99448107424166	0
75.9944977875963	0
75.99451450095276	0
75.99453121431106	0
75.9945479276712	0
75.99456464103318	0
75.994581354397	0
75.99459806776264	0
75.99461478113016	0
75.99463149449948	0
75.99464820787064	1
75.99466492124364	1
75.9946816346185	0
75.99469834799518	0
75.99471506137368	0
75.99473177475404	0
75.99474848813624	0
75.99476520152028	0
75.99478191490614	0
75.99479862829386	0
75.99481534168342	0
75.99483205507478	0
75.994848768468	0
75.99486548186308	0
75.99488219525996	0
75.9948989086587	0
75.99491562205928	0
75.9949323354617	0
75.99494904886594	0
75.99496576227202	0
75.99498247567996	0
75.99499918908972	0
75.99501590250132	0
75.99503261591476	0
75.99504932933004	0
75.99506604274716	0
75.9950827561661	0
75.99509946958688	0
75.99511618300954	0
75.995132896434	0
75.99514960986028	0
75.99516632328844	0
75.99518303671842	0
75.99519975015022	0
75.99521646358388	0
75.9952331770194	1
75.99524989045672	0
75.99526660389588	0
75.99528331733688	0
75.99530003077974	0
75.99531674422442	0
75.99533345767092	0
75.9953501711193	0
75.9953668845695	0
75.99538359802152	0
75.9954003114754	0
75.99541702493112	0
75.99543373838866	0
75.99545045184804	0
75.99546716530926	0
75.99548387877234	0
75.99550059223722	0
75.99551730570396	1
75.99553401917254	0
75.99555073264296	0
75.9955674461152	0
75.99558415958928	0
75.99560087306524	0
75.99561758654298	0
75.9956343000226	0
75.99565101350402	0
75.99566772698732	0
75.99568444047242	0
75.99570115395938	1
75.99571786744816	0
75.9957345809388	1
75.99575129443126	0
75.99576800792556	0
75.99578472142172	1
75.9958014349197	0
75.9958181484195	0
75.99583486192116	2
75.99585157542468	0
75.99586828893	0
75.99588500243716	0
75.99590171594618	0
75.99591842945702	0
75.9959351429697	0
75.99595185648424	0
75.99596857000058	0
75.9959852835188	1
75.99600199703882	0
75.9960187105607	0
75.99603542408442	0
75.99605213760996	1
75.99606885113734	0
75.99608556466658	1
75.99610227819764	0
75.99611899173054	1
75.99613570526526	2
75.99615241880186	0
75.99616913234026	0
75.9961858458805	0
75.9962025594226	1
75.99621927296654	1
75.9962359865123	0
75.9962527000599	2
75.99626941360934	0
75.99628612716062	0
75.99630284071374	0
75.99631955426868	0
75.99633626782548	0
75.99635298138412	0
75.99636969494458	0
75.9963864085069	0
75.99640312207104	1
75.99641983563702	0
75.99643654920484	2
75.99645326277452	1
75.996469976346	2
75.99648668991932	0
75.9965034034945	2
75.99652011707152	0
75.99653683065036	1
75.99655354423104	2
75.99657025781358	0
75.99658697139794	2
75.99660368498412	2
75.99662039857216	1
75.99663711216206	1
75.99665382575376	0
75.9966705393473	1
75.99668725294268	1
75.99670396653994	2
75.99672068013898	1
75.99673739373988	1
75.99675410734262	4
75.99677082094722	1
75.99678753455362	0
75.99680424816188	0
75.99682096177196	2
75.9968376753839	3
75.99685438899766	6
75.99687110261326	3
75.99688781623072	2
75.99690452985	3
75.9969212434711	2
75.99693795709406	4
75.99695467071886	3
75.9969713843455	4
75.99698809797396	5
75.99700481160428	7
75.99702152523642	3
75.9970382388704	6
75.9970549525062	8
75.99707166614388	6
75.99708837978336	3
75.99710509342472	2
75.99712180706788	12
75.9971385207129	6
75.99715523435974	11
75.99717194800842	10
75.99718866165896	11
75.99720537531132	20
75.99722208896552	22
75.99723880262154	30
75.99725551627942	27
75.99727222993914	43
75.9972889436007	58
75.9973056572641	77
75.99732237092932	116
75.99733908459638	167
75.99735579826528	196
75.99737251193602	268
75.9973892256086	309
75.99740593928302	374
75.99742265295926	365
75.99743936663738	311
75.9974560803173	333
75.99747279399906	305
75.99748950768268	208
75.99750622136812	175
75.9975229350554	135
75.99753964874452	98
75.99755636243548	86
75.99757307612826	68
75.9975897898229	51
75.99760650351936	46
75.99762321721768	42
75.99763993091784	30
75.99765664461982	22
75.99767335832364	19
75.9976900720293	12
75.9977067857368	14
75.99772349944612	14
75.99774021315732	10
75.99775692687032	6
75.99777364058518	6
75.99779035430184	6
75.99780706802038	9
75.99782378174076	4
75.99784049546294	5
75.997857209187	8
75.99787392291286	4
75.99789063664058	4
75.99790735037014	2
75.99792406410154	3
75.99794077783476	3
75.99795749156982	1
75.99797420530672	4
75.99799091904546	2
75.99800763278604	7
75.99802434652846	1
75.99804106027274	1
75.99805777401882	2
75.99807448776674	1
75.9980912015165	2
75.99810791526812	2
75.99812462902156	5
75.99814134277686	0
75.99815805653398	0
75.99817477029294	2
75.99819148405372	0
75.99820819781636	1
75.99822491158084	1
75.99824162534716	0
75.99825833911528	0
75.99827505288528	0
75.9982917666571	1
75.99830848043078	3
75.99832519420626	3
75.9983419079836	1
75.99835862176278	1
75.99837533554378	1
75.99839204932664	0
75.99840876311134	1
75.99842547689786	0
75.99844219068622	1
75.99845890447642	0
75.99847561826848	0
75.99849233206234	1
75.99850904585806	2
75.99852575965562	0
75.998542473455	0
75.99855918725624	0
75.9985759010593	0
75.99859261486422	1
75.99860932867096	0
75.99862604247954	1
75.99864275628996	0
75.99865947010222	1
75.9986761839163	0
75.99869289773224	0
75.99870961155	0
75.99872632536962	1
75.99874303919108	0
75.99875975301434	0
75.99877646683948	0
75.99879318066644	0
75.99880989449522	0
75.99882660832586	0
75.99884332215836	0
75.99886003599266	0
75.9988767498288	0
75.99889346366678	0
75.99891017750662	1
75.99892689134828	0
75.99894360519178	0
75.99896031903712	0
75.9989770328843	0
75.9989937467333	1
75.99901046058416	0
75.99902717443686	0
75.99904388829138	0
75.99906060214774	0
75.99907731600594	0
75.999094029866	0
75.99911074372788	0
75.99912745759158	1
75.99914417145716	0
75.99916088532454	0
75.99917759919378	0
75.99919431306484	1
75.99921102693774	0
75.9992277408125	1
75.99924445468906	0
75.9992611685675	0
75.99927788244776	0
75.99929459632986	1
75.99931131021378	0
75.99932802409956	1
75.99934473798716	0
75.99936145187662	0
75.9993781657679	0
75.99939487966104	0
75.99941159355598	0
75.99942830745278	0
75.99944502135142	0
75.9994617352519	0
75.99947844915422	0
75.99949516305836	0
75.99951187696436	0
75.99952859087218	0
75.99954530478184	0
75.99956201869334	0
75.99957873260668	0
75.99959544652186	0
75.99961216043888	0
75.99962887435774	0
75.99964558827844	0
75.99966230220096	0
75.99967901612532	0
75.99969573005154	1
75.99971244397956	0
75.99972915790944	0
75.99974587184116	0
75.99976258577472	0
75.99977929971012	0
75.99979601364734	0
75.99981272758642	1
75.99982944152734	0
75.99984615547008	0
75.99986286941466	0
75.99987958336108	0
75.99989629730934	0
75.99991301125944	0
75.99992972521136	0
75.99994643916514	0
75.99996315312076	0
75.9999798670782	0
75.99999658103748	0
76.00001329499862	0
76.00003000896158	0
76.00004672292638	0
76.00006343689304	1
76.0000801508615	0
76.0000968648318	0
76.00011357880396	0
76.00013029277796	0
76.00014700675378	1
76.00016372073144	0
76.00018043471094	0
76.0001971486923	0
76.00021386267548	0
76.00023057666048	0
76.00024729064736	0
76.00026400463604	0
76.00028071862656	0
76.00029743261892	0
76.00031414661314	0
76.00033086060918	0
76.00034757460706	0
76.00036428860678	0
76.00038100260836	0
76.00039771661174	0
76.00041443061698	0
76.00043114462406	0
76.00044785863296	0
76.0004645726437	0
76.00048128665628	0
76.00049800067072	0
76.00051471468698	0
76.00053142870506	0
76.000548142725	0
76.00056485674678	0
76.0005815707704	0
76.00059828479584	0
